0 (3, 0, -4) 0.0322404583917 0.730114948046 0.152736133587 0.00216541927164 0.0337422419715 0.0490007987326
1 (3, 0, -3) 0.0383700111094 0.663915896712 0.217468443326 0.00200178812291 0.0306617030186 0.0475821577111
2 (3, 0, -2) 0.0912651372378 0.381049615117 0.249126048612 0.027794209045 0.112864791542 0.137900198447
3 (3, 0, -1) 0.21418456333 0.158212985559 0.118062463752 0.105073845229 0.178826801981 0.22563934015
4 (3, 0, 0) 0.0289102943344 0.65155349649 0.245283592526 0.00478733427928 0.029048751542 0.0404165308286
5 (3, 0, 1) 0.0333811386726 0.660680678522 0.204186444876 0.00215478723657 0.0350115373487 0.0645854133437
6 (3, 0, 2) 0.000350288542879 0.9936373037 0.00482569151219 2.32577920896e-05 0.000351420484037 0.000812037968879
7 (3, 0, 3) 0.074086812582 0.704325201401 0.131917269905 0.00388288031729 0.03059729465 0.0551905411451
8 (3, 0, 4) 0.192585158972 0.4326459016 0.224816027843 0.0122131608483 0.0882130274104 0.049526723326
9 (3, 1, -4) 0.166666666667 0.166666666667 0.166666666667 0.166666666667 0.166666666667 0.166666666667
10 (3, 1, -3) 0.166666666667 0.166666666667 0.166666666667 0.166666666667 0.166666666667 0.166666666667
11 (3, 1, -2) 0.166666666667 0.166666666667 0.166666666667 0.166666666667 0.166666666667 0.166666666667
12 (3, 1, -1) 0.162623956592 0.245945346403 0.110939321597 0.147239448775 0.16261473835 0.170637188283
13 (3, 1, 0) 0.166666666667 0.166666666667 0.166666666667 0.166666666667 0.166666666667 0.166666666667
14 (3, 1, 1) 0.0420314981245 0.742688595077 0.125040336591 0.00315942133153 0.0408783522751 0.0462017966012
15 (3, 1, 2) 0.166666666667 0.166666666667 0.166666666667 0.166666666667 0.166666666667 0.166666666667
16 (3, 1, 3) 0.166666666667 0.166666666667 0.166666666667 0.166666666667 0.166666666667 0.166666666667
17 (3, 1, 4) 0.166666666667 0.166666666667 0.166666666667 0.166666666667 0.166666666667 0.166666666667
18 (3, 2, -4) 0.166666666667 0.166666666667 0.166666666667 0.166666666667 0.166666666667 0.166666666667
19 (3, 2, -3) 0.166666666667 0.166666666667 0.166666666667 0.166666666667 0.166666666667 0.166666666667
20 (3, 2, -2) 0.166666666667 0.166666666667 0.166666666667 0.166666666667 0.166666666667 0.166666666667
21 (3, 2, -1) 0.136256882826 0.161022658874 0.159180225536 0.17009547822 0.219480631357 0.153964123188
22 (3, 2, 0) 0.166666666667 0.166666666667 0.166666666667 0.166666666667 0.166666666667 0.166666666667
23 (3, 2, 1) 0.0284085400236 0.772710351331 0.147382424011 0.00105854779786 0.0189012927246 0.0315388441122
24 (3, 2, 2) 0.166666666667 0.166666666667 0.166666666667 0.166666666667 0.166666666667 0.166666666667
25 (3, 2, 3) 0.166666666667 0.166666666667 0.166666666667 0.166666666667 0.166666666667 0.166666666667
26 (3, 2, 4) 0.166666666667 0.166666666667 0.166666666667 0.166666666667 0.166666666667 0.166666666667
27 (5, 0, -4) 7.3621569267e-12 5.74620010846e-09 8.07847430716e-11 6.23851202069e-13 9.80277917488e-10 0.999999993185
28 (5, 0, -3) 0.00569259149475 0.171038206672 0.0339968246434 0.000116400695781 0.169130696848 0.620025279646
29 (5, 0, -2) 0.00507772658688 0.147241885464 0.0158505587005 3.74808466752e-05 0.113757886878 0.718034461524
30 (5, 0, -1) 0.0903233767085 0.0799606897936 0.295059499037 0.0526519078952 0.168285152008 0.313719374557
31 (5, 0, 0) 5.27549651638e-13 8.24569823878e-11 2.88386145081e-12 6.49068557095e-15 9.6102972025e-11 0.999999999818
32 (5, 0, 1) 4.06338529335e-11 9.15146626702e-09 3.95875015623e-10 1.07527927443e-12 3.24218927154e-09 0.999999987169
33 (5, 0, 2) 3.22088131149e-08 0.999953353914 4.34567845039e-07 3.95633522826e-09 8.33223151159e-06 3.78431214409e-05
34 (5, 0, 3) 0.00400142397902 0.193161307435 0.0283319421144 4.16364146555e-05 0.196549225593 0.577914464464
35 (5, 0, 4) 0.00416114143991 0.197222303494 0.0131785530178 7.22225448305e-05 0.11919281766 0.666172961844
36 (5, 1, -4) 0.166666666667 0.166666666667 0.166666666667 0.166666666667 0.166666666667 0.166666666667
37 (5, 1, -3) 0.166666666667 0.166666666667 0.166666666667 0.166666666667 0.166666666667 0.166666666667
38 (5, 1, -2) 0.0330406532669 0.224932417081 0.0806794595928 0.00342465781796 0.439957564199 0.217965248043
39 (5, 1, -1) 0.166666666667 0.166666666667 0.166666666667 0.166666666667 0.166666666667 0.166666666667
40 (5, 1, 0) 0.166666666667 0.166666666667 0.166666666667 0.166666666667 0.166666666667 0.166666666667
41 (5, 1, 1) 0.166666666667 0.166666666667 0.166666666667 0.166666666667 0.166666666667 0.166666666667
42 (5, 1, 2) 1.40632684313e-07 0.999985572909 1.59685505274e-06 7.35439560184e-09 5.05853417307e-06 7.62371506066e-06
43 (5, 1, 3) 0.166666666667 0.166666666667 0.166666666667 0.166666666667 0.166666666667 0.166666666667
44 (5, 1, 4) 0.166666666667 0.166666666667 0.166666666667 0.166666666667 0.166666666667 0.166666666667
45 (5, 2, -4) 0.166666666667 0.166666666667 0.166666666667 0.166666666667 0.166666666667 0.166666666667
46 (5, 2, -3) 0.166666666667 0.166666666667 0.166666666667 0.166666666667 0.166666666667 0.166666666667
47 (5, 2, -2) 1.08570794538e-11 4.77411727207e-10 3.30918924888e-11 7.12561555044e-14 1.24725098976e-10 0.999999999354
48 (5, 2, -1) 0.166666666667 0.166666666667 0.166666666667 0.166666666667 0.166666666667 0.166666666667
49 (5, 2, 0) 0.166666666667 0.166666666667 0.166666666667 0.166666666667 0.166666666667 0.166666666667
50 (5, 2, 1) 0.166666666667 0.166666666667 0.166666666667 0.166666666667 0.166666666667 0.166666666667
51 (5, 2, 2) 7.86858574433e-14 4.08540100626e-11 9.38471330203e-13 4.7047826029e-15 8.16660123747e-12 0.99999999995
52 (5, 2, 3) 0.166666666667 0.166666666667 0.166666666667 0.166666666667 0.166666666667 0.166666666667
53 (5, 2, 4) 0.166666666667 0.166666666667 0.166666666667 0.166666666667 0.166666666667 0.166666666667
54 (7, 0, -4) 0.0382365065111 0.787161452113 0.0614453167373 0.00254794749115 0.0642703899972 0.0463383871503
55 (7, 0, -3) 0.0543940347857 0.580717287995 0.0437769746208 0.00404600045021 0.0861831964611 0.230882505687
56 (7, 0, -2) 0.0514626340514 0.275663884993 0.141425533487 0.0209439608305 0.15288023809 0.357623748548
57 (7, 0, -1) 0.123824145867 0.200091998911 0.102904813218 0.115359960926 0.318316831728 0.13950224935
58 (7, 0, 0) 0.0520406946407 0.582582297381 0.10843675803 0.00352841714907 0.05779426556 0.195617567239
59 (7, 0, 1) 0.00172690430774 0.987295515833 0.00468741990215 8.74518074926e-05 0.00337117041166 0.0028315377375
60 (7, 0, 2) 0.000636984938364 0.989769323224 0.00334092064026 5.69655461395e-05 0.00326473496468 0.00293107068688
61 (7, 0, 3) 0.0239804293981 0.530787952651 0.129358371653 0.00244067754896 0.16024515537 0.153187413378
62 (7, 0, 4) 0.0214835263203 0.259018766232 0.243853031135 0.0107465135641 0.126516071758 0.338382090991
63 (7, 1, -4) 0.166666666667 0.166666666667 0.166666666667 0.166666666667 0.166666666667 0.166666666667
64 (7, 1, -3) 0.0761528829235 0.654733509799 0.0667864952572 0.00472554923753 0.0699456687983 0.127655893984
65 (7, 1, -2) 0.166666666667 0.166666666667 0.166666666667 0.166666666667 0.166666666667 0.166666666667
66 (7, 1, -1) 0.166666666667 0.166666666667 0.166666666667 0.166666666667 0.166666666667 0.166666666667
67 (7, 1, 0) 0.166666666667 0.166666666667 0.166666666667 0.166666666667 0.166666666667 0.166666666667
68 (7, 1, 1) 0.166666666667 0.166666666667 0.166666666667 0.166666666667 0.166666666667 0.166666666667
69 (7, 1, 2) 0.166666666667 0.166666666667 0.166666666667 0.166666666667 0.166666666667 0.166666666667
70 (7, 1, 3) 0.0307068366317 0.677336987654 0.108573249889 0.00186833163413 0.0664146497285 0.115099944463
71 (7, 1, 4) 0.166666666667 0.166666666667 0.166666666667 0.166666666667 0.166666666667 0.166666666667
72 (7, 2, -4) 0.166666666667 0.166666666667 0.166666666667 0.166666666667 0.166666666667 0.166666666667
73 (7, 2, -3) 0.062218468865 0.630304894662 0.0914013034028 0.00325370890751 0.108106949863 0.1047146743
74 (7, 2, -2) 0.166666666667 0.166666666667 0.166666666667 0.166666666667 0.166666666667 0.166666666667
75 (7, 2, -1) 0.166666666667 0.166666666667 0.166666666667 0.166666666667 0.166666666667 0.166666666667
76 (7, 2, 0) 0.166666666667 0.166666666667 0.166666666667 0.166666666667 0.166666666667 0.166666666667
77 (7, 2, 1) 0.166666666667 0.166666666667 0.166666666667 0.166666666667 0.166666666667 0.166666666667
78 (7, 2, 2) 0.166666666667 0.166666666667 0.166666666667 0.166666666667 0.166666666667 0.166666666667
79 (7, 2, 3) 0.0448835744915 0.497344598756 0.202713422187 0.00342863995896 0.108205368683 0.143424395923
80 (7, 2, 4) 0.166666666667 0.166666666667 0.166666666667 0.166666666667 0.166666666667 0.166666666667
81 (9, 0, -4) 0.0316902606799 0.953175773574 0.00803972272498 0.00144900825914 0.0034552215938 0.002190013168
82 (9, 0, -3) 0.0464557767127 0.934280415778 0.00981402673304 0.0024970141474 0.00386072017583 0.00309204645315
83 (9, 0, -2) 0.0690734269484 0.751022580929 0.0816496202329 0.0342785563565 0.0319499411559 0.0320258743771
84 (9, 0, -1) 0.194290619227 0.187013334456 0.183187072111 0.131296125399 0.169995992422 0.134216856384
85 (9, 0, 0) 0.0892605821 0.848119686684 0.0397296897927 0.00592782084389 0.00881302532393 0.00814919525561
86 (9, 0, 1) 0.018191324571 0.961768056285 0.0165722684117 0.00063320508979 0.00169998346228 0.00113516218043
87 (9, 0, 2) 0.000180356769095 0.999669293268 0.000117538649467 1.11383617343e-05 1.17253623833e-05 9.94758970956e-06
88 (9, 0, 3) 0.0807237226359 0.86171638507 0.0423586210305 0.00443388024166 0.00572332791374 0.00504406310829
89 (9, 0, 4) 0.134510011972 0.308609967697 0.440605738979 0.0492079500923 0.0293887896342 0.0376775416259
90 (9, 1, -4) 0.00029531995327 0.999619284581 6.04272406836e-05 8.9185007276e-06 8.92522479365e-06 7.12449925157e-06
91 (9, 1, -3) 0.166666666667 0.166666666667 0.166666666667 0.166666666667 0.166666666667 0.166666666667
92 (9, 1, -2) 0.166666666667 0.166666666667 0.166666666667 0.166666666667 0.166666666667 0.166666666667
93 (9, 1, -1) 0.166666666667 0.166666666667 0.166666666667 0.166666666667 0.166666666667 0.166666666667
94 (9, 1, 0) 0.166666666667 0.166666666667 0.166666666667 0.166666666667 0.166666666667 0.166666666667
95 (9, 1, 1) 0.166666666667 0.166666666667 0.166666666667 0.166666666667 0.166666666667 0.166666666667
96 (9, 1, 2) 0.166666666667 0.166666666667 0.166666666667 0.166666666667 0.166666666667 0.166666666667
97 (9, 1, 3) 0.166666666667 0.166666666667 0.166666666667 0.166666666667 0.166666666667 0.166666666667
98 (9, 1, 4) 0.219526095933 0.483274136321 0.21639545348 0.0373743246922 0.0279742833774 0.0154557061962
99 (9, 2, -4) 0.0209616180633 0.969357849584 0.00662815132788 0.000711249965167 0.00112190581632 0.00121922524346
100 (9, 2, -3) 0.166666666667 0.166666666667 0.166666666667 0.166666666667 0.166666666667 0.166666666667
101 (9, 2, -2) 0.166666666667 0.166666666667 0.166666666667 0.166666666667 0.166666666667 0.166666666667
102 (9, 2, -1) 0.166666666667 0.166666666667 0.166666666667 0.166666666667 0.166666666667 0.166666666667
103 (9, 2, 0) 0.166666666667 0.166666666667 0.166666666667 0.166666666667 0.166666666667 0.166666666667
104 (9, 2, 1) 0.166666666667 0.166666666667 0.166666666667 0.166666666667 0.166666666667 0.166666666667
105 (9, 2, 2) 0.166666666667 0.166666666667 0.166666666667 0.166666666667 0.166666666667 0.166666666667
106 (9, 2, 3) 0.166666666667 0.166666666667 0.166666666667 0.166666666667 0.166666666667 0.166666666667
107 (9, 2, 4) 0.193454741875 0.634441454095 0.107780385686 0.017336274371 0.0228146934443 0.024172450528
108 (0, 0, 0) 8.59837392239e-06 0.999986184256 4.92494275306e-06 2.9235769351e-07 3.45847617132e-11 3.45847617132e-11
