4.5834380120721807 6.9097029700774586 5.7144689497029617 3.6186742259921436 4.8170139855623093 4.6657979162543368
4.8023346907407989 6.4798133179260526 5.9656223861220488 3.6646439689245116 4.9029034653046919 4.7051614205555756
2.6387000559948048 3.874403214095484 3.2697974163640895 2.0686612552039887 2.876233123989707 2.604419966349699
0.26770377652928096 0.44743922237237266 0.60272124866828847 0.37910652432216529 0.37890655740295343 0.20657790935825407
3.7573818026775063 5.2917644797418539 4.7970500812912444 2.6730557261717185 4.0241390332508473 3.9664780140754274
4.6319968058927561 7.7151450153540662 5.6856117430432889 3.6111508837325923 5.0134410416022934 4.8591191397537976
4.9460810543648428 7.8992957831530983 6.1249663494511468 3.6334046606970665 4.8621864111847559 4.8205320778152059
4.8662338818828941 6.8619575270362816 5.594821930753735 4.0874675565870735 4.7776163620026626 4.9401727915802356
3.132447745905119 4.1796983067044806 3.9512046512360373 2.6419925496867838 3.4236913253864589 3.1393322566114468
0.0 0.0 0.0 0.0 0.0 0.0
0.0 0.0 0.0 0.0 0.0 0.0
0.0 0.0 0.0 0.0 0.0 0.0
0.54959128838860505 0.57028191029083075 0.63255685879591284 0.37116739278712541 0.46504745641566064 0.34169972958372602
0.0 0.0 0.0 0.0 0.0 0.0
4.4543427957762454 8.1109334612545183 6.0594385681002541 3.4784029717360023 4.6668971196815097 4.652076677267555
0.0 0.0 0.0 0.0 0.0 0.0
0.0 0.0 0.0 0.0 0.0 0.0
0.0 0.0 0.0 0.0 0.0 0.0
0.0 0.0 0.0 0.0 0.0 0.0
0.0 0.0 0.0 0.0 0.0 0.0
0.0 0.0 0.0 0.0 0.0 0.0
0.45154807930306873 0.56843484995678073 0.32875681570889609 0.42737182794269557 0.15531003417486758 0.36295237946415893
0.0 0.0 0.0 0.0 0.0 0.0
4.9414088155603375 6.7051661115259789 5.9457408325564423 3.6540912711662821 4.7203247588923247 4.8984792494827945
0.0 0.0 0.0 0.0 0.0 0.0
0.0 0.0 0.0 0.0 0.0 0.0
0.0 0.0 0.0 0.0 0.0 0.0
4.4558841502704851 7.7795247661535454 6.1295686813034216 3.2611382073770439 7.9345611617204108 7.8817260340652533
4.9190206117564985 7.9730964853325839 7.5885322678545499 3.9530181929775257 7.9705134321114608 8.0484086422890844
4.7805878290863779 6.7651887726118156 6.8693564187667446 3.8010595053224625 6.8538443630517438 6.9641091766320082
0.47145814759168797 0.92497522696397838 0.71662350736790359 0.32286197551661538 0.93385717123677425 0.72914121757502393
5.1553245767925127 8.1868175335567912 8.1945826002729607 4.0409628904800003 8.3640234095958164 8.2773429096304412
4.1508459645509754 8.0471942346346932 6.6012868265883977 3.2485497679343314 7.9709397571754774 8.0379216227979509
4.4242100425946651 8.1080438189921047 7.8771625614341509 3.4364021022203231 7.9902595672317931 8.059625254599414
4.9464065826167811 7.8517051860874831 7.7199562096319463 3.974158438738093 7.9869648308503134 8.135050145264902
4.3291233499505708 6.2438271526866966 5.8411671519192137 3.3425400909679501 6.1847342550918496 6.6572150512941954
0.0 0.0 0.0 0.0 0.0 0.0
0.0 0.0 0.0 0.0 0.0 0.0
4.7659027437217745 6.9832279391719867 7.0051468039616243 3.9099149437072231 7.3257718226069946 6.9413868925486213
0.0 0.0 0.0 0.0 0.0 0.0
0.0 0.0 0.0 0.0 0.0 0.0
0.0 0.0 0.0 0.0 0.0 0.0
4.6536432920600763 7.8541114698192276 8.001180577295596 3.6001795918366963 8.2039564768205278 8.0498087758305203
0.0 0.0 0.0 0.0 0.0 0.0
0.0 0.0 0.0 0.0 0.0 0.0
0.0 0.0 0.0 0.0 0.0 0.0
0.0 0.0 0.0 0.0 0.0 0.0
4.8783933962638857 6.9013026868450611 7.0920050808994048 3.9380676282244966 6.9858948856834617 6.9574774100256951
0.0 0.0 0.0 0.0 0.0 0.0
0.0 0.0 0.0 0.0 0.0 0.0
0.0 0.0 0.0 0.0 0.0 0.0
4.5782589659308579 7.8396424312383424 7.632566245272252 3.2268398923735888 8.1850641354155016 8.0225611158858037
0.0 0.0 0.0 0.0 0.0 0.0
0.0 0.0 0.0 0.0 0.0 0.0
4.70564202379291 6.3892424503612402 5.1720317615516089 3.3599803598053577 5.2004614860831415 5.548055496023256
4.8089272993720176 6.7297567551888546 5.6366804904307983 3.7621570732888228 5.5093986677797524 6.0237731730919561
4.5644997686650752 6.4438315075392865 5.113418295849665 3.4003881725160658 5.0120451934945729 5.4360997989403561
0.42774566725706892 0.39690728692985078 0.51983322119275122 0.25109623497714673 0.46600586703082053 0.57854207136099245
3.8596523402068246 5.2590888249113421 4.7470207548094763 3.0275406843526174 4.6193150570422912 4.8087100710076394
4.5783074072158385 6.6641772411757243 5.698080182185282 3.7924716268407463 5.7168648558991242 6.1731971793566016
4.9234641561519856 8.0415407723453765 7.3911453252893073 3.8659599739757451 6.9369188605835719 7.7760713902576111
4.6728866018094157 8.0753151827053866 6.5106805878162106 4.016595373254523 6.2815407635475271 7.6013633678045229
3.1992411972885342 4.352884299431989 4.2640535073221013 2.4333910034229569 4.1186245359252167 4.0139212323368119
0.0 0.0 0.0 0.0 0.0 0.0
4.7536911192700186 6.8440311130070324 5.6667545676167768 3.6037968900479957 5.3460962800428122 6.0842176346952721
0.0 0.0 0.0 0.0 0.0 0.0
0.0 0.0 0.0 0.0 0.0 0.0
0.0 0.0 0.0 0.0 0.0 0.0
0.0 0.0 0.0 0.0 0.0 0.0
0.0 0.0 0.0 0.0 0.0 0.0
4.8074947866559059 7.0402293035014862 6.1574357147566641 3.9850300534745577 6.0986080986600077 6.749990949222906
0.0 0.0 0.0 0.0 0.0 0.0
0.0 0.0 0.0 0.0 0.0 0.0
4.915226004895306 7.9906929749789102 5.9138201857885173 3.7787826530400492 5.7691542795044528 7.8646964807389983
0.0 0.0 0.0 0.0 0.0 0.0
0.0 0.0 0.0 0.0 0.0 0.0
0.0 0.0 0.0 0.0 0.0 0.0
0.0 0.0 0.0 0.0 0.0 0.0
0.0 0.0 0.0 0.0 0.0 0.0
4.7750619683015989 7.667287289326544 7.2339436870791429 3.8304065881521523 6.8373390711536368 7.7198540933524713
0.0 0.0 0.0 0.0 0.0 0.0
4.4860770366089842 7.3468412451838274 4.6609470756831701 3.2008407259574114 3.4596828263146344 3.2366280206685616
4.638404187911096 6.3112777554075397 4.5556878059381329 3.3678945909098021 3.4934325867002611 3.2612739929288566
2.8422218307716678 3.0961256334055807 2.3913175512540659 1.6423995541374934 1.6858422978061196 2.0355444818591506
0.33242395351945403 0.33950227571913477 0.38742248456375705 0.25348308259246316 0.065440255227764782 0.36187870250107795
3.6301605470380265 4.4671564524543754 3.3644369522782469 2.4588918715229391 2.7029338328072696 2.704352965442693
4.5090059046672746 7.4673867341875262 4.541153008975904 3.1665950085416865 3.2333233983003478 3.0965494071020152
4.7804893799882553 7.3800760779414389 4.6900233524866337 2.8014878053327705 2.7264011018312155 2.9250506460262979
4.3861946140589598 7.0110539130654717 4.9884219689375033 3.3046233648139069 3.4048294191113002 3.1581158682011008
2.6616137967961579 3.9557253386914102 2.8211616170468106 2.1131726749273314 1.7738195525072971 1.9401539646145045
4.5140608592431724 7.4909179248139148 4.5472910116290253 2.9267899238309529 3.4670564758762552 3.0360006057642765
0.0 0.0 0.0 0.0 0.0 0.0
0.0 0.0 0.0 0.0 0.0 0.0
0.0 0.0 0.0 0.0 0.0 0.0
0.0 0.0 0.0 0.0 0.0 0.0
0.0 0.0 0.0 0.0 0.0 0.0
0.0 0.0 0.0 0.0 0.0 0.0
0.0 0.0 0.0 0.0 0.0 0.0
2.764405633433439 4.205269785648885 2.9564287123412942 1.8905148815332422 2.2095563557538109 1.973493834747579
4.3957168277365968 6.1077281144194702 4.5465908774864632 3.2065126713363674 3.4227416717856851 3.0675009179586308
0.0 0.0 0.0 0.0 0.0 0.0
0.0 0.0 0.0 0.0 0.0 0.0
0.0 0.0 0.0 0.0 0.0 0.0
0.0 0.0 0.0 0.0 0.0 0.0
0.0 0.0 0.0 0.0 0.0 0.0
0.0 0.0 0.0 0.0 0.0 0.0
0.0 0.0 0.0 0.0 0.0 0.0
2.7887000218372897 3.5126779221028182 2.7701687896366098 2.1320591712979717 1.9643665991951449 1.8953478369678194
4.458946589128101 8.5271142110324849 5.5528513695699608 3.0934051069015176 0.0 0.0
