11.577600145188853 14.436695655117664 12.96211416219505 11.416515720481266 15.07314524412781 11.496477979556094
12.351223228437632 12.549174325429229 13.516637225054858 11.191271430720111 11.910919968217144 13.16158724516899
11.214176479445635 15.199867459368697 11.608195808280323 10.876400771247729 12.448458241457425 11.490692106862925
10.205796496681344 12.029208761792761 12.561015206600576 11.297305225636187 11.70256159455586 11.647464252431426
12.342155015762 13.826412791545769 13.576341642024071 12.223260831722115 12.630272626304452 12.236728331689338
9.6254559888503639 12.314307087765881 13.890496791750843 8.2374294379368784 11.345709647685371 12.646141647920082
11.206465352271197 13.324659084722505 10.616407847217902 9.7523074706806891 14.784569479638151 9.5619037947822676
11.547304306628385 12.566821808215842 13.620837911372952 12.108320642148762 12.554668173840401 12.375666075345913
11.222949711883354 12.110711171624907 11.567335041048839 11.289716634017125 11.719704469217783 11.373054904593568
0.0 0.0 0.0 0.0 0.0 0.0
0.0 0.0 0.0 0.0 0.0 0.0
0.0 0.0 0.0 0.0 0.0 0.0
11.438106833992482 13.064204134486465 12.614342952565195 11.748237204225566 11.674605080850519 11.215714217045742
0.0 0.0 0.0 0.0 0.0 0.0
10.875624685864603 14.740233215320902 9.9621750295029283 10.473048164034452 14.352382606676898 11.511514796634684
0.0 0.0 0.0 0.0 0.0 0.0
0.0 0.0 0.0 0.0 0.0 0.0
0.0 0.0 0.0 0.0 0.0 0.0
0.0 0.0 0.0 0.0 0.0 0.0
0.0 0.0 0.0 0.0 0.0 0.0
0.0 0.0 0.0 0.0 0.0 0.0
10.08312110365161 12.820277981910007 13.062277745268858 11.471529474720548 11.231133228284438 11.2799501695118
0.0 0.0 0.0 0.0 0.0 0.0
12.2907730094032 12.541120912738712 12.281144371432633 8.4782996131078008 10.554282840847618 12.367759185032192
0.0 0.0 0.0 0.0 0.0 0.0
0.0 0.0 0.0 0.0 0.0 0.0
0.0 0.0 0.0 0.0 0.0 0.0
11.240671833960359 13.794565535040057 13.477461351721178 11.232968470897283 17.269992261676325 12.436175598577069
12.196685422031559 13.197684915483448 11.964392946847841 11.58167026913231 17.117601224927608 11.868066127837746
11.141412217389274 12.59125779904295 11.657494194669777 10.930653258010611 12.763452732066575 11.381285023125512
11.9399804801267 12.452489600828125 12.426014847055336 10.954679810652092 11.640978648961404 11.448220336363953
11.304199587101291 12.532787451136741 11.356292742963355 10.985781235562094 17.377326530840175 12.286667207806333
10.83820348330269 10.749611388114598 11.001188637440441 10.373395587912094 17.287316697992964 11.680439270379148
9.9272667673769934 12.436966594701087 10.74194747764596 9.0145433179207135 13.374942412107881 11.842013858044494
11.998342972320238 12.792173031343912 12.843988166030517 10.564603398579337 12.362879230140875 11.538078352977577
12.432769572197135 13.282894361468736 12.7188675702841 10.35429538698396 13.393810281306227 12.0281757331606
0.0 0.0 0.0 0.0 0.0 0.0
0.0 0.0 0.0 0.0 0.0 0.0
11.394863982873098 12.660210137524917 13.132275454521645 9.5119396765029673 16.564738380928702 12.124012161131564
0.0 0.0 0.0 0.0 0.0 0.0
0.0 0.0 0.0 0.0 0.0 0.0
0.0 0.0 0.0 0.0 0.0 0.0
8.534258120042912 12.355454108539293 10.391447180618574 8.5979914856210087 18.861348697420045 10.4054485079572
0.0 0.0 0.0 0.0 0.0 0.0
0.0 0.0 0.0 0.0 0.0 0.0
0.0 0.0 0.0 0.0 0.0 0.0
0.0 0.0 0.0 0.0 0.0 0.0
11.101970156904615 11.671320040137807 12.187175776919855 11.446502870570995 14.186637546706939 11.999862035858891
0.0 0.0 0.0 0.0 0.0 0.0
0.0 0.0 0.0 0.0 0.0 0.0
0.0 0.0 0.0 0.0 0.0 0.0
9.4755724323191295 13.039022540949812 10.61292664229274 8.6900522036412831 10.412547875223577 11.151607177357247
0.0 0.0 0.0 0.0 0.0 0.0
0.0 0.0 0.0 0.0 0.0 0.0
12.555805108736463 14.889075605022752 13.473827346566523 11.950090083655075 14.538704275983209 12.896011259932315
13.05247982704079 14.75881248361341 13.042935826168527 12.322985364816654 14.351102651107418 12.629612784100921
12.755102285844437 13.099693657128441 12.718153335810788 11.75204826903029 12.623427165544117 12.109058715141307
11.905621125592553 13.52381340338267 13.11989673875844 11.68253181598015 12.428967255176909 10.908319318291035
13.205960653033364 12.961756807051874 13.257285587726768 12.117673358315335 12.979065810099724 13.392473526815166
12.997635372917411 13.546484836467073 13.295476023013745 11.750050466309075 13.474279329733328 13.067348810303674
13.210014854883614 13.812557841483336 13.183989049398098 12.543762565101682 13.513815539400504 12.6245689543537
12.853266018615738 13.251873286225994 13.449651002637168 12.415840014253739 13.746486552114751 13.267244056762536
11.172769225370942 12.876798127986977 12.42761475828282 11.889599344006841 12.016121313189624 11.194362566871233
0.0 0.0 0.0 0.0 0.0 0.0
12.745675528606242 13.859838335370672 13.542068003672 11.862411764578255 13.076654699985536 12.716886626740235
0.0 0.0 0.0 0.0 0.0 0.0
0.0 0.0 0.0 0.0 0.0 0.0
0.0 0.0 0.0 0.0 0.0 0.0
0.0 0.0 0.0 0.0 0.0 0.0
0.0 0.0 0.0 0.0 0.0 0.0
13.105949331393028 13.518272742316963 14.300424110924519 11.892930844452939 13.886392482707789 12.952318131839322
0.0 0.0 0.0 0.0 0.0 0.0
0.0 0.0 0.0 0.0 0.0 0.0
12.382793005279597 13.819042437537874 13.348416118992292 12.534266446279732 13.257807228483021 12.960732137169636
0.0 0.0 0.0 0.0 0.0 0.0
0.0 0.0 0.0 0.0 0.0 0.0
0.0 0.0 0.0 0.0 0.0 0.0
0.0 0.0 0.0 0.0 0.0 0.0
0.0 0.0 0.0 0.0 0.0 0.0
12.779554305241886 14.395648543473808 13.61514815792127 12.478987730673795 13.801377377597703 12.873322139577631
0.0 0.0 0.0 0.0 0.0 0.0
11.882391700281913 14.322833383574658 10.320450615366441 9.3540218543282787 10.363854450691456 10.537475684297164
13.701702410745471 14.057658386323876 11.948337475100955 11.855570822656933 12.654299710653223 12.264231698100442
12.457250571883124 13.094419787433168 12.013176648508123 10.130721549796741 11.894452553852433 10.929740053208841
11.200634417781952 11.661264886718689 11.337717330926839 10.335957010354226 10.075335793521264 10.553223926912874
12.863819633962084 13.717700415065574 13.129714649908051 10.36009861231731 11.993779671284603 11.665571840326052
13.211888277439021 15.337851393350263 13.461806917990469 11.544922158221524 11.979899143036958 11.571937525817594
11.855080341902065 13.046412157697 11.189996045011032 10.719004318471411 10.605036029796436 11.528453446199634
12.961478437408687 14.561746196103439 13.611900147559297 10.809647453685205 11.963435506177793 12.164611098678826
11.27222646669563 13.257366804964171 9.9868262252599376 9.5613139248061145 9.938129947449589 9.9700624633635737
13.682124036259697 13.994472122783518 13.91864836334371 10.280016845495712 12.806926595915833 12.617952116768237
0.0 0.0 0.0 0.0 0.0 0.0
0.0 0.0 0.0 0.0 0.0 0.0
0.0 0.0 0.0 0.0 0.0 0.0
0.0 0.0 0.0 0.0 0.0 0.0
0.0 0.0 0.0 0.0 0.0 0.0
0.0 0.0 0.0 0.0 0.0 0.0
0.0 0.0 0.0 0.0 0.0 0.0
11.577060382835558 11.988358527249872 11.489917563313298 9.8296513834026573 10.306147167423731 10.890712855285503
12.601781635806642 14.69418500511086 14.119252445109419 11.551803556031015 11.742747115318592 10.99768184617378
0.0 0.0 0.0 0.0 0.0 0.0
0.0 0.0 0.0 0.0 0.0 0.0
0.0 0.0 0.0 0.0 0.0 0.0
0.0 0.0 0.0 0.0 0.0 0.0
0.0 0.0 0.0 0.0 0.0 0.0
0.0 0.0 0.0 0.0 0.0 0.0
0.0 0.0 0.0 0.0 0.0 0.0
10.245226123272491 12.24950284949516 11.894521038815114 9.9035990435586303 10.656882966787181 10.26989350581175
13.164715291728339 12.038939120705971 13.05400526678307 12.112830647714167 0.0 0.0
