11.635575589456925 13.970215211507865 12.618259413297558 10.630541463282555 11.854238580185744 12.21068090221644
13.318022581724859 14.40762568878392 13.552708843961291 11.733854681338814 11.803726802710278 13.325291039589382
12.799870940426159 13.549711884579111 13.276307621468622 11.896716613460692 11.525486542106755 12.600261488044033
10.438314256105484 11.229714858916621 10.68222390473797 9.974763688369638 10.304225512947257 10.667110861375475
13.383508827003999 13.865093614449206 13.863741562277065 12.336821024294849 12.737034012027314 13.695581804896973
13.20076767177806 14.362961226772578 13.844380894692648 11.48997706172643 12.066678887910712 13.221975426950507
10.629619977189758 13.927361133011514 9.9424786667787863 10.376080939588002 12.841555458943837 12.273791631709024
10.582369569903051 14.934877549714205 14.162111138510415 11.515916828924945 10.781178952645117 10.883983306956813
12.196276529759176 12.50027999800197 13.778213921017416 11.819960133492984 11.792013516402477 11.786810311426468
0.0 0.0 0.0 0.0 0.0 0.0
0.0 0.0 0.0 0.0 0.0 0.0
0.0 0.0 0.0 0.0 0.0 0.0
8.3302869435263514 10.172673042191782 12.205743627179217 10.452363306769321 9.344172870868384 11.169669674053251
0.0 0.0 0.0 0.0 0.0 0.0
10.492787816269344 14.24262228152997 10.034310743118546 11.229390035422583 12.933844409405586 12.568190111996103
0.0 0.0 0.0 0.0 0.0 0.0
0.0 0.0 0.0 0.0 0.0 0.0
0.0 0.0 0.0 0.0 0.0 0.0
0.0 0.0 0.0 0.0 0.0 0.0
0.0 0.0 0.0 0.0 0.0 0.0
0.0 0.0 0.0 0.0 0.0 0.0
10.31560106787369 12.154711914032861 12.669225481469116 8.5430618306400739 9.7471041238240765 10.56186241174337
0.0 0.0 0.0 0.0 0.0 0.0
12.304540822934406 14.657930547520502 14.250460181002646 11.50783405287976 12.203586317550389 13.683859322076378
0.0 0.0 0.0 0.0 0.0 0.0
0.0 0.0 0.0 0.0 0.0 0.0
0.0 0.0 0.0 0.0 0.0 0.0
12.40173811805548 13.032349415265525 12.981551658379628 12.094200988544758 13.222439912713103 14.811597467050497
11.075431147455946 12.378944642379277 14.170008921697404 10.370980307580274 14.7222544753992 16.641624912885742
12.863768827103877 12.9665904674383 12.825699667684852 11.529592514119663 12.390783013833211 14.165956891827721
11.530592297765295 11.667788395468607 14.400254438165762 11.009281429781751 12.834077750254673 13.229016721926211
12.023419634970862 14.980102459462158 14.828961510608037 12.519652703193852 12.480353951437998 17.73719718017372
10.541536674983977 13.487073077294674 13.062591543896124 10.81876821326707 12.303277745492316 18.336106699850063
11.05053631804887 11.627984892966699 13.66733946755194 10.451427749929035 11.139500500870602 17.351189630979913
10.692069239946514 13.066383677268092 11.641574462772196 11.012420317826045 12.388906414974679 15.35975661904375
11.392786467809284 13.257156715366861 14.096093433141816 12.007542894386006 13.40404157598218 14.494933402981426
0.0 0.0 0.0 0.0 0.0 0.0
0.0 0.0 0.0 0.0 0.0 0.0
11.831028070335451 12.618520983095539 13.274005029949011 10.473330898287646 10.248701332374727 13.323078787353127
0.0 0.0 0.0 0.0 0.0 0.0
0.0 0.0 0.0 0.0 0.0 0.0
0.0 0.0 0.0 0.0 0.0 0.0
12.388700526316653 10.634114243794198 10.73102102200375 11.152538123927437 12.41357727870089 16.513264704224902
0.0 0.0 0.0 0.0 0.0 0.0
0.0 0.0 0.0 0.0 0.0 0.0
0.0 0.0 0.0 0.0 0.0 0.0
0.0 0.0 0.0 0.0 0.0 0.0
12.122881598774789 13.480853574333015 13.186115949803781 11.718600186347185 13.104322016633553 14.537109562032299
0.0 0.0 0.0 0.0 0.0 0.0
0.0 0.0 0.0 0.0 0.0 0.0
0.0 0.0 0.0 0.0 0.0 0.0
12.48193474385975 13.743617246121259 14.363060508313369 11.740792479968533 13.016053860053129 18.5375628856955
0.0 0.0 0.0 0.0 0.0 0.0
0.0 0.0 0.0 0.0 0.0 0.0
11.51497948206479 13.634601787232764 11.044967354888655 11.489891837901004 13.752047788869202 11.795047337950974
12.272684479994513 11.232708175654034 11.998187214558156 11.922257210934205 10.526432915723134 11.310355971334356
12.77680780589462 14.095948420977845 12.293855538955938 12.513438068080177 13.682050201074526 12.535100126793056
11.180237002574991 12.419847544251278 9.7994323706157882 11.499823505093087 13.958220410929679 11.969201602593246
13.094467058721127 14.932861262789633 12.847888399484626 12.819925612482663 14.29780902920221 13.741040530066044
11.564273731967855 13.990011846526075 12.179711594306514 12.127162505759992 13.848710015420986 12.579663043493714
10.461924032448966 10.299386159897621 12.068505615881101 11.356266445619942 12.782307641649844 12.990393046961531
10.721018549424151 13.530960956452537 14.538476902787764 11.564074376386776 11.463344240830754 11.794514468379795
12.16390618104009 13.896494765604764 14.46965450264806 12.607719437423711 13.702025837182539 14.786701067491375
0.0 0.0 0.0 0.0 0.0 0.0
13.070466256846846 15.296171710370603 11.941588121482932 10.323078685374059 13.779222550547663 15.234348437693148
0.0 0.0 0.0 0.0 0.0 0.0
0.0 0.0 0.0 0.0 0.0 0.0
0.0 0.0 0.0 0.0 0.0 0.0
0.0 0.0 0.0 0.0 0.0 0.0
0.0 0.0 0.0 0.0 0.0 0.0
9.6627157848701852 13.178094110593442 13.284531336477565 12.084851282552325 11.706884142439529 14.393907616599256
0.0 0.0 0.0 0.0 0.0 0.0
0.0 0.0 0.0 0.0 0.0 0.0
11.307143554297523 13.190495017638357 9.9295440228257643 11.43290997752184 10.811059136380857 14.914441095419219
0.0 0.0 0.0 0.0 0.0 0.0
0.0 0.0 0.0 0.0 0.0 0.0
0.0 0.0 0.0 0.0 0.0 0.0
0.0 0.0 0.0 0.0 0.0 0.0
0.0 0.0 0.0 0.0 0.0 0.0
11.600303593694022 14.410216776848527 11.119689410503018 11.202354947733841 13.197901030995835 13.388012439636723
0.0 0.0 0.0 0.0 0.0 0.0
12.815795944192448 13.691199973936852 10.152995648095848 10.533831146853363 11.68282202449047 11.646307923660261
12.500743353993713 14.294484755586163 11.934161534955845 11.25022001867403 11.707709538123961 11.866725506184688
12.179563433214742 14.31313801369159 12.611116437277168 11.930040456176339 12.164421484702402 11.184436495058032
10.510812314955363 12.295037195825353 10.770267660656616 9.2001681426405497 8.4561141598139482 5.3279115822481478
12.520823142176081 14.090530757000618 12.424742738924012 11.265884746261076 12.819282059886461 12.054963141631877
13.315240485817444 13.829157297119949 12.507533647136421 11.468555940800714 11.893771987808693 11.625182503344329
12.390110004817867 11.963360598342092 9.6843476365532961 12.121513674956015 11.531764237475452 11.002036614448127
12.807380869937957 14.119751203310495 13.697577674417925 11.442005244059358 11.364701072521216 11.70251539445686
12.129884014540172 14.737857722315457 12.386795613718926 11.839217021732985 11.655802812928199 12.155074159372409
12.637275404915513 12.604131905908005 12.402266935322476 12.410082247745166 12.499897487488528 11.931938366300448
0.0 0.0 0.0 0.0 0.0 0.0
0.0 0.0 0.0 0.0 0.0 0.0
0.0 0.0 0.0 0.0 0.0 0.0
0.0 0.0 0.0 0.0 0.0 0.0
0.0 0.0 0.0 0.0 0.0 0.0
0.0 0.0 0.0 0.0 0.0 0.0
0.0 0.0 0.0 0.0 0.0 0.0
13.043519109370287 14.962739441921872 12.945959892211416 11.630346797663719 12.092028494349375 11.968101955906336
12.718651758994131 14.132600194064059 11.470342465981794 11.216769633135783 11.175141566132147 12.307069788550026
0.0 0.0 0.0 0.0 0.0 0.0
0.0 0.0 0.0 0.0 0.0 0.0
0.0 0.0 0.0 0.0 0.0 0.0
0.0 0.0 0.0 0.0 0.0 0.0
0.0 0.0 0.0 0.0 0.0 0.0
0.0 0.0 0.0 0.0 0.0 0.0
0.0 0.0 0.0 0.0 0.0 0.0
12.360973097951513 14.992315199137353 12.884946311535963 11.749782692556208 11.826693774364578 11.479871325346634
14.524296004685009 15.810880697658966 15.308385922658776 13.260937411131154 0.0 0.0
