5.3637568892710918 6.5071840547421482 7.1436745914488409 7.4241981814810174 5.5017917376101098 5.0688072184492095
5.3566211271022999 6.4542204488226593 7.2414040410647944 6.7024276680723407 5.568963250988844 4.8890257202835912
4.7448083883436292 5.7551405096041455 6.1454505242511317 5.8550717892297905 4.8347537042534308 4.3195944952105618
3.1509402388420362 3.6703781264325799 3.5920360782593992 3.8019375979597685 2.7348718816986342 2.3219815316490875
4.2303117383573463 5.1581830595896268 5.4102791977503211 5.2553747362937084 4.2455893713409179 3.9413509279415835
5.1506347960452876 6.9266473012174501 7.7917392088583908 7.5707164761528842 4.7853430052909243 4.2596786298741662
5.3045596625909877 6.9634474730455889 7.5520176891445132 7.8472814958104458 5.0908900964221226 4.8987500814679708
5.1865082985815647 7.3941365838118305 7.7590981162296924 7.7265362124786616 4.9806201763627023 4.727907830378415
5.4229312568837447 6.7743103300562932 7.16916146512943 7.0862559317995579 5.4457235130962198 5.1792476142560426
0.0 0.0 0.0 0.0 0.0 0.0
0.0 0.0 0.0 0.0 0.0 0.0
0.0 0.0 0.0 0.0 0.0 0.0
3.1055442220935725 3.2327118861706272 3.4596971602561255 3.5277374653094538 2.6421132667963372 2.2617821210515214
0.0 0.0 0.0 0.0 0.0 0.0
5.3842702345029307 6.8988459545774612 7.7961561726371968 7.4375135694609895 5.0160245599764037 4.6416389441430148
0.0 0.0 0.0 0.0 0.0 0.0
0.0 0.0 0.0 0.0 0.0 0.0
0.0 0.0 0.0 0.0 0.0 0.0
0.0 0.0 0.0 0.0 0.0 0.0
0.0 0.0 0.0 0.0 0.0 0.0
0.0 0.0 0.0 0.0 0.0 0.0
2.4567896111385306 3.01688138964382 3.6180305435762419 3.7977442587511057 2.1914689123100901 1.9705421681339055
0.0 0.0 0.0 0.0 0.0 0.0
4.4604141318360906 6.1274752862205499 7.0336219226605818 7.5458520101146807 4.72682651076759 3.8939370452158228
0.0 0.0 0.0 0.0 0.0 0.0
0.0 0.0 0.0 0.0 0.0 0.0
0.0 0.0 0.0 0.0 0.0 0.0
5.6588999434310923 7.5134901179718945 8.0226664280185656 7.9241900475135978 7.6041436039201944 6.4756213508212079
5.7190459562996265 6.9188376898286625 8.1117109377978736 8.2264588266082939 7.0347858003811892 6.3380551460763241
4.9399631328838849 5.9958439180968357 6.542311029122815 6.5749512125260443 6.5361098075977049 5.5851018629965292
3.4025267742820802 3.8034190397717582 3.6336513872376734 4.1011171570939204 4.2124700545075573 3.5930226644900989
5.6566074954718877 6.9036524519003297 7.418497191389676 7.2563964933258758 6.9021833122275575 6.0876840924792912
4.9605081154149939 5.9534660847520451 8.0364797034526685 8.4513626437481904 7.3149619412075602 5.6178006357382966
5.3087841188031435 7.2324882054215411 8.2525038073816841 8.3167255866138472 7.6158648629294028 5.6403529680356987
5.6645276487156577 7.3803349170677013 8.124736580841402 8.2135412952958742 7.7920004248369192 6.2936068078616563
5.712313954942843 7.4509274343679124 7.7973840971181918 8.1274574552194547 7.7446379006664081 6.2880544724761185
0.0 0.0 0.0 0.0 0.0 0.0
0.0 0.0 0.0 0.0 0.0 0.0
5.3674872171315018 6.424083557853411 7.0306572107006682 7.1005359873362162 6.5017131432582715 5.5639692030889307
0.0 0.0 0.0 0.0 0.0 0.0
0.0 0.0 0.0 0.0 0.0 0.0
0.0 0.0 0.0 0.0 0.0 0.0
4.9697141454603342 7.5554077279152807 8.1592896592151227 8.5692752123739702 7.9441492063582668 5.4758372283053491
0.0 0.0 0.0 0.0 0.0 0.0
0.0 0.0 0.0 0.0 0.0 0.0
0.0 0.0 0.0 0.0 0.0 0.0
0.0 0.0 0.0 0.0 0.0 0.0
4.6586316212263803 5.6168713873418223 5.7482443843897366 5.9368879687361344 5.7830544981333949 4.8225156554095037
0.0 0.0 0.0 0.0 0.0 0.0
0.0 0.0 0.0 0.0 0.0 0.0
0.0 0.0 0.0 0.0 0.0 0.0
5.075148330573767 6.6997973702570421 7.6385381385412163 8.0026046419509598 7.1260287073203132 5.5178747913503976
0.0 0.0 0.0 0.0 0.0 0.0
0.0 0.0 0.0 0.0 0.0 0.0
5.3947589930483808 7.4371324892658457 7.992440199355233 8.2073897002352325 8.4276686685825339 8.1555868254965951
5.6871325950540692 7.310997530388633 8.1262482222688561 8.0345320455250562 8.2632322865827348 8.0670043301672578
5.5638031866430024 6.807405208258948 7.2911755777336662 7.5470480125207855 7.8691483986485817 7.0602139990460993
3.7998387833357179 4.65495943285186 4.9132402922896228 5.2282999846441305 4.8737818554270982 4.4869003511106635
5.9319849271109435 7.6789732244158486 8.4836921101598293 8.6182781560998762 8.7516606698475687 8.1515375184314625
4.91981580405551 6.6293663871817277 8.2071613971900543 7.8519557043149026 8.4037783927227867 7.2874388823096412
4.9500372588500605 6.2322242438429418 8.3036139466847594 8.2167349368955982 8.2630321866072745 7.9536157336300857
5.2642330854678479 7.3726601760816228 8.0843407806233571 8.3659529162981254 8.4949912836692345 7.8576533538422435
5.5331748782282597 7.5300988095146488 8.3779905247204969 7.9426905216539856 8.3305026163423292 8.0057823326929007
0.0 0.0 0.0 0.0 0.0 0.0
5.5382215964131749 7.350079964827354 8.181942718587413 8.1064183228235365 7.9842904736920337 7.6878131213945053
0.0 0.0 0.0 0.0 0.0 0.0
0.0 0.0 0.0 0.0 0.0 0.0
0.0 0.0 0.0 0.0 0.0 0.0
0.0 0.0 0.0 0.0 0.0 0.0
0.0 0.0 0.0 0.0 0.0 0.0
5.5182814544866465 7.3726233170548277 8.1702723728046234 8.2035205408572089 8.3749686013218501 7.9659211025746295
0.0 0.0 0.0 0.0 0.0 0.0
0.0 0.0 0.0 0.0 0.0 0.0
5.4657737117735641 7.1888216980147774 7.9797540633062152 7.989002787537558 8.5922526453838728 7.9730162774140165
0.0 0.0 0.0 0.0 0.0 0.0
0.0 0.0 0.0 0.0 0.0 0.0
0.0 0.0 0.0 0.0 0.0 0.0
0.0 0.0 0.0 0.0 0.0 0.0
0.0 0.0 0.0 0.0 0.0 0.0
5.5128758453804769 7.3065872641389706 8.109137559262745 8.2124890309985261 8.4760285418475565 8.0239728844025109
0.0 0.0 0.0 0.0 0.0 0.0
5.4138466480001188 7.1870318270225422 8.2907032245777508 8.5462717481563786 8.329494351353695 8.3896374573723058
5.4756763752980566 7.4322194027601309 8.1910181885783082 8.2643385557476829 8.1111870674590385 7.9858259991517722
5.5633488735484624 6.6297432329400507 7.4870779762518929 7.7015349111072213 7.5671731385959946 7.5405985747340694
4.0405718583538812 4.6791301109346035 4.9321772900600322 4.9741439729700465 5.0267425731126218 4.9773600245258258
5.7779361301626508 7.6131266754548381 8.6029631356098815 8.6175568083883984 8.2426021176913817 8.5028416692024873
4.7530838375202515 6.3090961500540681 7.7489108683103982 8.437751052937136 8.0465884125026452 8.0924300388035473
4.8559743729076832 7.0935209487819399 8.3663819992101249 8.2949929692279127 8.4769697212516881 7.9372214247479489
5.5615272646231571 7.3495347838738239 8.2267685016390679 8.3760589865667878 7.9803316940463258 7.8975527670152257
5.6158425089758026 7.3419239304673933 8.1220922897601167 8.4429245582482579 8.0691294875771238 8.1381218870093051
5.5251494502681417 7.1085284730856779 7.8277053479159715 7.9859361677576173 8.3337294289988542 7.8573206064019221
0.0 0.0 0.0 0.0 0.0 0.0
0.0 0.0 0.0 0.0 0.0 0.0
0.0 0.0 0.0 0.0 0.0 0.0
0.0 0.0 0.0 0.0 0.0 0.0
0.0 0.0 0.0 0.0 0.0 0.0
0.0 0.0 0.0 0.0 0.0 0.0
0.0 0.0 0.0 0.0 0.0 0.0
5.4515541459483545 7.3219451593888758 8.078971637830163 8.3009464713809891 8.1570784746451128 8.3483282317748309
5.5227459821113394 7.4289980833905016 8.2233724425620629 8.2846616813689202 7.6736167285258237 7.9700449985716979
0.0 0.0 0.0 0.0 0.0 0.0
0.0 0.0 0.0 0.0 0.0 0.0
0.0 0.0 0.0 0.0 0.0 0.0
0.0 0.0 0.0 0.0 0.0 0.0
0.0 0.0 0.0 0.0 0.0 0.0
0.0 0.0 0.0 0.0 0.0 0.0
0.0 0.0 0.0 0.0 0.0 0.0
5.582982029854632 7.4472650521227104 8.3449299299894601 8.3861350829508545 8.0887281151369503 8.1519937295052589
4.9099475805257695 7.437986604437671 8.8733902363808816 8.7201155147435294 0.0 0.0
