6.6955606888891399 7.1181239508972682 8.2394043903907885 6.7108776761309796 6.532649172702258 6.5125593347596942
5.8143606976095086 7.2075613426985425 8.2172679487981455 8.1282459041306172 6.3096190788780868 6.173802859920376
6.2135149646346095 7.1896451601157576 7.5472493841176602 7.9847355540502942 6.4017679300430164 6.3539896821961426
6.2023780883198185 6.9270812993266402 7.4579775223806317 7.4757975973190707 6.2426167234874486 5.9265678660412151
6.3926513488404435 7.4747583449870678 7.8137508230029047 7.6355307971042894 6.3680790404103069 6.2692361862878938
6.6707117995389256 7.3188041942712632 6.6915648958648699 7.1294567509304123 6.7149509173762585 6.0672420458414908
6.5051809465308814 7.6385853456706165 7.8050564172340007 6.784445318389853 6.553598095835186 6.5797441957723786
6.1404681829353436 7.1777181417405531 8.0178962666128868 6.9116032141465213 6.477151655232575 5.9413963313785096
6.6757695162349888 7.4818075777110984 6.9952831226226628 6.9620611504647245 6.3570605523831851 5.4667991204401334
0.0 0.0 0.0 0.0 0.0 0.0
0.0 0.0 0.0 0.0 0.0 0.0
0.0 0.0 0.0 0.0 0.0 0.0
6.2706995932329228 7.1708819141926821 7.5434530169782201 7.5351880683400445 6.2242030249394453 6.0280865728614197
0.0 0.0 0.0 0.0 0.0 0.0
6.6456479054887394 7.2430593407124988 8.3640919969100391 7.6003982216261265 6.6746748765128601 5.3816580791080879
0.0 0.0 0.0 0.0 0.0 0.0
0.0 0.0 0.0 0.0 0.0 0.0
0.0 0.0 0.0 0.0 0.0 0.0
0.0 0.0 0.0 0.0 0.0 0.0
0.0 0.0 0.0 0.0 0.0 0.0
0.0 0.0 0.0 0.0 0.0 0.0
6.0937623499575295 7.1244533795544989 7.585415302896342 7.0734137830340948 6.0463071292968715 6.094235034860497
0.0 0.0 0.0 0.0 0.0 0.0
6.5238507619837627 7.0860422743928666 7.7510506634061391 7.7698471738579862 6.6298135563983935 6.3142586878916678
0.0 0.0 0.0 0.0 0.0 0.0
0.0 0.0 0.0 0.0 0.0 0.0
0.0 0.0 0.0 0.0 0.0 0.0
6.1984209157569401 7.1647142775651016 7.5165192983139884 7.6636713752335757 7.2669099351208262 6.5231038881564913
6.4309168098017251 7.2157753846446395 7.4224991341205966 7.3504940873306337 7.7460689194040055 6.3339495041518674
6.4558477576848583 7.1262718976807351 7.6718098298278257 7.1453626843182132 6.9867949833525076 6.6209056450427406
6.4561065002142684 7.458775677392131 7.342911267311246 7.6398254785557329 7.3590334577154204 6.6096456406925785
6.7305699153882168 7.5029221479101471 7.6980192061372321 7.2921744311387329 7.7742004284641437 7.1217139436381096
6.5626815488991008 7.2768330659096554 7.3096996364510316 7.0564983105597143 7.1930390786363088 7.041125682947694
6.7653830857600967 7.3865356547270968 8.1602774418505231 7.559665497389088 7.6887330018076856 7.0400805505354791
6.8695344332164661 7.313881473389487 8.0241210937286791 7.9261430178505083 7.4649847609160522 6.2887634692504362
6.444406732961097 7.172003093222572 7.4729377760009372 7.1136532271625281 7.2110439323596598 7.2252886770669615
0.0 0.0 0.0 0.0 0.0 0.0
0.0 0.0 0.0 0.0 0.0 0.0
6.5182600584529737 7.3269730842438561 7.5509900862588966 7.0095859256591142 7.4552423329602178 6.7618519811283528
0.0 0.0 0.0 0.0 0.0 0.0
0.0 0.0 0.0 0.0 0.0 0.0
0.0 0.0 0.0 0.0 0.0 0.0
6.230179217075535 7.0761405627759872 7.8269324245174605 6.8948081814966447 7.2969326889663826 6.5394876894334342
0.0 0.0 0.0 0.0 0.0 0.0
0.0 0.0 0.0 0.0 0.0 0.0
0.0 0.0 0.0 0.0 0.0 0.0
0.0 0.0 0.0 0.0 0.0 0.0
6.4280309157835331 7.2762878203244359 7.4391775419954174 7.5002777390845807 7.6642667031637526 6.1654557395810281
0.0 0.0 0.0 0.0 0.0 0.0
0.0 0.0 0.0 0.0 0.0 0.0
0.0 0.0 0.0 0.0 0.0 0.0
6.6128176751392349 6.9524628275806135 8.1158358502923242 8.0436960325560971 7.6676955068747352 6.5069356441999
0.0 0.0 0.0 0.0 0.0 0.0
0.0 0.0 0.0 0.0 0.0 0.0
6.2425224268585096 6.2077569951322147 8.1680701812839303 7.2548989546254417 7.7439062616919454 7.7275323794589337
6.2137096692850156 7.1123262770219178 7.944825171862365 7.5869742854349962 7.4146483662729521 6.6561083171076909
6.3738439062552317 6.7668413834149588 6.6736017098074125 8.1041655978632487 8.0073459008867029 7.1430480005805839
6.0635116047772124 7.2503168889521845 7.5751938952165068 7.931314663980471 7.5290814186765687 7.5524115270822438
6.4935322830551803 7.3730268919864272 8.2177714395746797 8.1808581044685447 8.3580074736514813 7.8055313819822896
6.5444419633758555 6.7317633279454165 8.0830087978830605 7.5740713427459134 8.55596698867806 6.8287758622074133
6.2971067397770089 7.5391225563522726 7.3792525742214767 8.1418966829182349 8.1183720200890814 7.4379075635866769
6.3123370547392605 7.2297642622033216 7.2418123713756133 7.2698982936624406 7.6905403317678935 6.9462810245740547
6.1494834842520278 7.2360014809900388 7.4188988547384405 6.9773007283136623 8.2198493968736255 6.7882622973791182
0.0 0.0 0.0 0.0 0.0 0.0
6.4107747988752468 6.95399306682783 8.1485658783820885 6.9365843124897877 7.7506852084864963 7.0809013370317722
0.0 0.0 0.0 0.0 0.0 0.0
0.0 0.0 0.0 0.0 0.0 0.0
0.0 0.0 0.0 0.0 0.0 0.0
0.0 0.0 0.0 0.0 0.0 0.0
0.0 0.0 0.0 0.0 0.0 0.0
6.2753437917182922 7.0838509836221366 7.3095826625530922 7.9110585557581654 8.1244360018352566 7.0996507230230206
0.0 0.0 0.0 0.0 0.0 0.0
0.0 0.0 0.0 0.0 0.0 0.0
6.1888688368573543 6.9624606756551914 7.4364772434537825 7.2874911810817284 7.5855598022757942 7.8560166846547403
0.0 0.0 0.0 0.0 0.0 0.0
0.0 0.0 0.0 0.0 0.0 0.0
0.0 0.0 0.0 0.0 0.0 0.0
0.0 0.0 0.0 0.0 0.0 0.0
0.0 0.0 0.0 0.0 0.0 0.0
6.1452766065813647 7.5466521548957743 7.2230956567194005 7.5337734604496864 8.208453061249152 7.2647718088153148
0.0 0.0 0.0 0.0 0.0 0.0
5.9717519897677702 7.2711030721496188 7.4739848730018128 7.5582169457022381 6.624999134651766 7.1503458746818174
6.13980970392931 7.5264460707573271 7.4044940917917623 6.8189151028979964 7.015577815594324 7.706443250936756
6.3920837280067442 7.1044083113916248 7.539457339279882 7.8661848851931557 7.4924318424039269 7.2753189659643915
6.441325081734405 7.076223797075567 7.4128443482016699 7.826080442559908 7.9270321406242044 7.2162287962521452
6.4172592428646498 7.3965081828771302 7.8365432142097573 7.7473711644587295 7.6253610801213076 7.8708135435875777
6.2133814150773983 6.6959077132616409 7.5029214845500318 7.1770848530062965 7.6545585256065589 7.7587198373488002
6.0570388464432305 7.1932040638122441 7.8374425277899329 7.4766911460222127 7.0749510748757434 7.3587420803738093
6.2614098600342425 7.1063278430123225 6.6884825884106949 7.7098343197880483 7.1411414762181984 6.4581063406213888
6.0890507316364682 7.3925675415153709 7.3708983884723196 7.6938749153401815 6.6726193123419977 7.1982507923725061
6.2742040947764037 7.459692433855075 7.1917213242449005 7.6021798439326407 7.1351973156291724 6.4035053676363756
0.0 0.0 0.0 0.0 0.0 0.0
0.0 0.0 0.0 0.0 0.0 0.0
0.0 0.0 0.0 0.0 0.0 0.0
0.0 0.0 0.0 0.0 0.0 0.0
0.0 0.0 0.0 0.0 0.0 0.0
0.0 0.0 0.0 0.0 0.0 0.0
0.0 0.0 0.0 0.0 0.0 0.0
6.2563105700124844 7.0831371276827557 7.8806993506647522 7.3475002977604698 6.9938721564744037 7.7609512758664474
5.9920022350262405 6.452105542509762 7.4675275429028742 8.1738562691620533 7.0897166272846048 6.9430968774943196
0.0 0.0 0.0 0.0 0.0 0.0
0.0 0.0 0.0 0.0 0.0 0.0
0.0 0.0 0.0 0.0 0.0 0.0
0.0 0.0 0.0 0.0 0.0 0.0
0.0 0.0 0.0 0.0 0.0 0.0
0.0 0.0 0.0 0.0 0.0 0.0
0.0 0.0 0.0 0.0 0.0 0.0
6.3565317211052808 6.9924500124069322 7.5004529384314482 7.5038852095023794 7.0385707309643939 6.9130305637777072
7.2151292183251563 7.4565449845742808 8.3509326629227338 7.6419017658740689 0.0 0.0
