4.9244984320447331 6.3903400140360205 6.10718891976778 5.2443878712430179 5.5241949660662515 5.1139587674812717
5.4774170909968243 6.4457091134941997 5.3738409038657569 4.658543206851868 5.2074857025117147 4.869696647517082
5.1084053381027168 6.4889468125467555 7.4842708737756105 6.3877405869468422 5.3444537136115153 5.1200777080316664
5.5921088862835866 6.1145324310823339 5.9952424274837908 5.8910210187314567 5.6885014581860824 5.2104757371074548
5.6467191583820657 6.1150972880635397 5.7842433694307847 6.7616159661297566 5.5238020218380326 5.1660445737104483
5.6482314335499701 5.7016723363575785 6.1751564440350171 5.0124045592087425 5.371381338494059 4.8457368999618522
5.1288747966248032 4.7396457932495171 6.5089603999029793 5.0470369687281966 5.2848597997542317 4.9613434854163723
5.6978685251778813 5.9040748617999652 6.2284662060312854 5.5351024359443199 5.2385717635394133 5.3069020272383858
4.2898006198316576 6.085861488056393 4.9053955411779002 4.7407973506775356 5.482616511982056 5.244614544817833
0.0 0.0 0.0 0.0 0.0 0.0
0.0 0.0 0.0 0.0 0.0 0.0
0.0 0.0 0.0 0.0 0.0 0.0
4.5685214205608995 5.8719698169945902 5.8019548932750942 7.5543615193290243 5.7973534166683525 5.2993351614049322
0.0 0.0 0.0 0.0 0.0 0.0
5.6190147651252325 6.5595943841979603 5.9620699104289905 6.6569659565688086 4.8747925163012642 5.4048667049020205
0.0 0.0 0.0 0.0 0.0 0.0
0.0 0.0 0.0 0.0 0.0 0.0
0.0 0.0 0.0 0.0 0.0 0.0
0.0 0.0 0.0 0.0 0.0 0.0
0.0 0.0 0.0 0.0 0.0 0.0
0.0 0.0 0.0 0.0 0.0 0.0
5.4016786502196013 5.7605667844440109 6.6543836798386629 6.0027320620621554 5.5110687992188163 5.9377254857260597
0.0 0.0 0.0 0.0 0.0 0.0
5.5874823513022012 6.5213168967845334 5.644041743627036 6.3877310526750364 5.5718841996242299 5.4728200436760881
0.0 0.0 0.0 0.0 0.0 0.0
0.0 0.0 0.0 0.0 0.0 0.0
0.0 0.0 0.0 0.0 0.0 0.0
4.4499631087871947 6.7747588563816077 6.4128525379881145 6.4795673015395776 5.1781599169051908 5.7078503395721718
5.1492310054452135 5.5573178846707139 5.3495506896349916 5.5038506404230914 6.7790065801180486 5.4477469197113635
5.3212061593002709 6.3165739149140938 5.9132533426526273 6.4795138634788163 6.2663439636827345 6.2945056345276775
5.0939330010922319 6.7304654181287864 5.6681313807478411 6.4738849229266204 6.2718340084307593 5.2619364450380983
5.3631707232277597 6.8588194965141671 6.1280551855453309 5.1418002927261766 6.9033890836497882 5.7301418290864374
4.1345474212839948 5.7821881010211955 6.0642136368197574 6.5129945682671213 6.3404068150969923 4.1019685968295585
5.2323178980477651 6.2698955524113531 7.2366830984658757 4.8268146725848862 6.6153922399296414 5.7672257779607472
5.0129124405039782 6.9356065346438012 6.6529721966231801 5.9118385101741797 6.8070089342162818 5.327623994755851
4.3951068846430026 5.885876608586659 7.1382947676492456 6.4652604789481041 6.6336066853058044 5.0024554533557319
0.0 0.0 0.0 0.0 0.0 0.0
0.0 0.0 0.0 0.0 0.0 0.0
4.9707322353528092 6.7296727899903477 6.185413804297589 5.3397245103847588 6.6471332317177376 5.6036934588954326
0.0 0.0 0.0 0.0 0.0 0.0
0.0 0.0 0.0 0.0 0.0 0.0
0.0 0.0 0.0 0.0 0.0 0.0
5.2251992497595037 6.0275663563502491 5.3678190117907114 4.5026640703744487 6.2748413135711871 6.3035832507030438
0.0 0.0 0.0 0.0 0.0 0.0
0.0 0.0 0.0 0.0 0.0 0.0
0.0 0.0 0.0 0.0 0.0 0.0
0.0 0.0 0.0 0.0 0.0 0.0
5.0134960304946183 6.244145288035809 5.9127871113761747 5.273096871156115 6.2459846263392471 4.6523349404975782
0.0 0.0 0.0 0.0 0.0 0.0
0.0 0.0 0.0 0.0 0.0 0.0
0.0 0.0 0.0 0.0 0.0 0.0
4.9137246605160048 5.3654483562609139 6.1951756206251165 5.6078741773768943 6.0277189041210208 6.4930722642831675
0.0 0.0 0.0 0.0 0.0 0.0
0.0 0.0 0.0 0.0 0.0 0.0
4.7178747771790581 6.8747428522215479 6.0654164929301233 5.9165899147778678 6.9610810089618234 4.7490305059769726
5.2399797583351626 6.5550969527927023 6.2051266667847909 4.4851722587120477 6.3964907233490527 5.2627441071628356
4.8766627538976577 6.7151021346107402 6.2780021554387453 7.3586930183742769 7.2423877267762231 6.4823737245978457
5.2513092989527053 6.2922679438471736 5.6871590074211094 6.8539427220505713 7.320956022561746 5.5888464672727567
5.145132978099209 6.5921757200270692 6.2179709801039085 6.6064138386024522 6.846822688797559 6.6061239737884119
4.9931319438235553 5.7339493452753327 6.3630513086193723 4.8093919417253135 6.982160942803957 6.1517153319980986
5.2775742420901839 5.9535785958595637 6.6808545473190364 5.4959710229639374 6.3042204093775434 6.2824074929922347
4.9279212925471203 6.7172856520197497 6.7771851003071655 5.7280765376219644 6.6794538969546418 5.9893788486780322
4.5937297503538277 5.4272953288725727 6.130315099069322 6.5838646638081908 5.8469497403959476 5.8317016139136442
0.0 0.0 0.0 0.0 0.0 0.0
5.0711421989429946 7.0580821038209445 5.5448860367600528 5.3713915932480099 6.4630774207002668 6.359435643748105
0.0 0.0 0.0 0.0 0.0 0.0
0.0 0.0 0.0 0.0 0.0 0.0
0.0 0.0 0.0 0.0 0.0 0.0
0.0 0.0 0.0 0.0 0.0 0.0
0.0 0.0 0.0 0.0 0.0 0.0
4.3193773224741161 5.6840304445561962 6.9338526622752816 5.0361270696144826 5.7914644283010484 6.6129409560815251
0.0 0.0 0.0 0.0 0.0 0.0
0.0 0.0 0.0 0.0 0.0 0.0
4.8541964325705562 5.709899331622764 5.9037644052945568 6.1689620796600746 6.4468511217837836 5.3359553053921331
0.0 0.0 0.0 0.0 0.0 0.0
0.0 0.0 0.0 0.0 0.0 0.0
0.0 0.0 0.0 0.0 0.0 0.0
0.0 0.0 0.0 0.0 0.0 0.0
0.0 0.0 0.0 0.0 0.0 0.0
5.4360277096150504 5.5999992489887305 6.4461768416862233 5.7100226709938209 6.5770588639630558 6.3040153162006645
0.0 0.0 0.0 0.0 0.0 0.0
5.3217606590457551 5.2695591263272208 5.1025718873003463 5.6039102118803674 5.2523290611174556 6.5072188800981658
5.3147029452458083 6.4134792196071224 5.813551938004105 5.4142114361329448 5.8896274820058947 5.522872449746556
4.8714909113832121 6.480076968772063 6.1443322160425033 6.0818546749033482 6.3037646245685224 6.3838529287947656
5.6521881944416466 6.0976790138220647 6.3561007426794127 6.1581312240332915 5.8532694631558311 5.7830344022860869
5.3304153052465706 6.4341467883818142 6.6878468251425094 4.7380721560384478 6.0413752649104149 7.1532444371978414
5.0523724227256137 6.3688459583759416 5.1757224050139969 5.2229340052144666 5.500539551822059 4.262607910763057
4.7289570472370031 5.3147840013352585 6.1892075194985381 6.2071939795555506 6.2033443941835227 4.0761493595377303
4.7460571590671785 6.1686147371243214 6.0718473600687517 5.4283410105441021 6.2783933222577648 6.1323971305987532
5.0740998894716318 6.3310322557626071 6.0163019189514912 5.5335263304064073 6.563508099223232 5.0124244070322668
4.3860078356485062 5.6961442705171121 6.3680815969181683 5.2784130923413022 5.2002052024313894 6.4865861712822639
0.0 0.0 0.0 0.0 0.0 0.0
0.0 0.0 0.0 0.0 0.0 0.0
0.0 0.0 0.0 0.0 0.0 0.0
0.0 0.0 0.0 0.0 0.0 0.0
0.0 0.0 0.0 0.0 0.0 0.0
0.0 0.0 0.0 0.0 0.0 0.0
0.0 0.0 0.0 0.0 0.0 0.0
5.3882807550895953 5.8020686122908183 5.6985749805407266 6.0213570143287614 6.4138570916214732 5.5912570248319957
5.458452795638296 5.9400758378021434 5.9905525854874364 4.8840361203772815 5.8002763726157145 4.9519105440790643
0.0 0.0 0.0 0.0 0.0 0.0
0.0 0.0 0.0 0.0 0.0 0.0
0.0 0.0 0.0 0.0 0.0 0.0
0.0 0.0 0.0 0.0 0.0 0.0
0.0 0.0 0.0 0.0 0.0 0.0
0.0 0.0 0.0 0.0 0.0 0.0
0.0 0.0 0.0 0.0 0.0 0.0
5.2547379906145268 6.2645855117514344 6.7151946822128341 5.7412765627210005 4.5388795075825055 7.2618276959007524
5.5423098328317995 7.0423206101022355 6.4761012333048082 6.1582313736303682 0.0 0.0
