0 (3, 0, -4) 0.0184297251754 0.00406698862116 0.889162920773 0.0687702488634 0.00321787753006 0.0163522390365
1 (3, 0, -3) 0.00999095340363 0.0149909082757 0.194670295204 0.0997306266997 0.00655197030282 0.674065246114
2 (3, 0, -2) 0.00518104978478 0.713986073446 0.25580467185 0.00475196159851 0.00745755707616 0.0128186862447
3 (3, 0, -1) 0.232414294286 0.125766494444 0.62756477502 0.00630894224798 0.00439341117601 0.00355208282562
4 (3, 0, 0) 0.00720239437416 0.00411087457739 0.980387216249 0.000555096415291 0.00627087266048 0.00147354572415
5 (3, 0, 1) 0.00201403941605 0.912817192557 0.0539697850411 0.0174590705062 0.00174594588894 0.0119939665912
6 (3, 0, 2) 0.126951004141 0.00239400856084 0.130379428645 0.0268462592879 0.68319232819 0.0302369711752
7 (3, 0, 3) 0.00268697654537 0.863296307033 0.0566159656244 0.0126987427295 0.00929592560333 0.0554060824639
8 (3, 0, 4) 0.0264700903885 0.0856060952753 0.576686613878 0.018578158538 0.179539603428 0.113119438491
9 (3, 1, -4) 0.166666666667 0.166666666667 0.166666666667 0.166666666667 0.166666666667 0.166666666667
10 (3, 1, -3) 0.166666666667 0.166666666667 0.166666666667 0.166666666667 0.166666666667 0.166666666667
11 (3, 1, -2) 0.166666666667 0.166666666667 0.166666666667 0.166666666667 0.166666666667 0.166666666667
12 (3, 1, -1) 0.00011750285607 0.854328043306 0.069465953757 0.00236976347347 0.0736603734688 5.836313849e-05
13 (3, 1, 0) 0.166666666667 0.166666666667 0.166666666667 0.166666666667 0.166666666667 0.166666666667
14 (3, 1, 1) 0.0228175427314 0.570101980561 0.000633109693895 0.00617610312619 0.00338598510727 0.396885278781
15 (3, 1, 2) 0.166666666667 0.166666666667 0.166666666667 0.166666666667 0.166666666667 0.166666666667
16 (3, 1, 3) 0.166666666667 0.166666666667 0.166666666667 0.166666666667 0.166666666667 0.166666666667
17 (3, 1, 4) 0.166666666667 0.166666666667 0.166666666667 0.166666666667 0.166666666667 0.166666666667
18 (3, 2, -4) 0.166666666667 0.166666666667 0.166666666667 0.166666666667 0.166666666667 0.166666666667
19 (3, 2, -3) 0.166666666667 0.166666666667 0.166666666667 0.166666666667 0.166666666667 0.166666666667
20 (3, 2, -2) 0.166666666667 0.166666666667 0.166666666667 0.166666666667 0.166666666667 0.166666666667
21 (3, 2, -1) 0.00566850753212 0.992221373696 0.0001502234528 0.000257690290821 0.00108903460741 0.000613170421177
22 (3, 2, 0) 0.166666666667 0.166666666667 0.166666666667 0.166666666667 0.166666666667 0.166666666667
23 (3, 2, 1) 0.0223472652466 0.489127344958 0.01140557447 0.0420100397787 0.425604456524 0.00950531902288
24 (3, 2, 2) 0.166666666667 0.166666666667 0.166666666667 0.166666666667 0.166666666667 0.166666666667
25 (3, 2, 3) 0.166666666667 0.166666666667 0.166666666667 0.166666666667 0.166666666667 0.166666666667
26 (3, 2, 4) 0.166666666667 0.166666666667 0.166666666667 0.166666666667 0.166666666667 0.166666666667
27 (5, 0, -4) 8.0828509261e-07 2.35261546307e-05 3.73405471801e-05 1.53168384521e-06 3.64553476202e-06 0.999933147794
28 (5, 0, -3) 2.72729843665e-06 0.000171467826463 0.000278826374007 4.97389687084e-07 1.0319635352e-05 0.999536161476
29 (5, 0, -2) 0.000529703203105 0.00774830516329 0.526446586613 3.23114624806e-05 0.00863458588108 0.456608507677
30 (5, 0, -1) 0.0545989761943 0.338430710589 0.115746884113 0.053931937725 0.0811634566745 0.356128034704
31 (5, 0, 0) 6.77837126561e-07 6.99097760118e-05 2.24361557085e-06 5.14959515478e-08 3.63185239207e-07 0.99992675409
32 (5, 0, 1) 6.44928755e-09 5.83819165706e-09 2.16941644539e-09 4.30670204856e-10 6.28767284854e-10 0.999999984484
33 (5, 0, 2) 3.73609371842e-07 3.138398369e-05 1.58254124817e-07 1.60698623983e-08 4.82779782513e-08 0.999968019805
34 (5, 0, 3) 6.76635054229e-10 1.22253851666e-06 7.79048109308e-08 1.05241382991e-09 1.80417196096e-08 0.999998679786
35 (5, 0, 4) 5.71244483842e-05 0.854202797788 0.0327175785858 0.000189091070287 0.00524397166084 0.107589436446
36 (5, 1, -4) 0.166666666667 0.166666666667 0.166666666667 0.166666666667 0.166666666667 0.166666666667
37 (5, 1, -3) 0.166666666667 0.166666666667 0.166666666667 0.166666666667 0.166666666667 0.166666666667
38 (5, 1, -2) 0.0058904567981 0.587258316565 0.0433267863589 0.0031806690814 0.0649255736723 0.295418197524
39 (5, 1, -1) 0.166666666667 0.166666666667 0.166666666667 0.166666666667 0.166666666667 0.166666666667
40 (5, 1, 0) 0.166666666667 0.166666666667 0.166666666667 0.166666666667 0.166666666667 0.166666666667
41 (5, 1, 1) 0.166666666667 0.166666666667 0.166666666667 0.166666666667 0.166666666667 0.166666666667
42 (5, 1, 2) 3.16861200982e-08 1.70829704079e-07 6.53082607483e-08 6.14313927407e-08 1.75303321635e-07 0.999999495441
43 (5, 1, 3) 0.166666666667 0.166666666667 0.166666666667 0.166666666667 0.166666666667 0.166666666667
44 (5, 1, 4) 0.166666666667 0.166666666667 0.166666666667 0.166666666667 0.166666666667 0.166666666667
45 (5, 2, -4) 0.166666666667 0.166666666667 0.166666666667 0.166666666667 0.166666666667 0.166666666667
46 (5, 2, -3) 0.166666666667 0.166666666667 0.166666666667 0.166666666667 0.166666666667 0.166666666667
47 (5, 2, -2) 0.000659082661035 0.461564463393 0.291459417837 0.0018340554608 0.00452112553771 0.239961855111
48 (5, 2, -1) 0.166666666667 0.166666666667 0.166666666667 0.166666666667 0.166666666667 0.166666666667
49 (5, 2, 0) 0.166666666667 0.166666666667 0.166666666667 0.166666666667 0.166666666667 0.166666666667
50 (5, 2, 1) 0.166666666667 0.166666666667 0.166666666667 0.166666666667 0.166666666667 0.166666666667
51 (5, 2, 2) 6.85335160399e-08 3.00701758794e-06 3.22200048765e-09 7.12131350191e-09 3.33830020442e-08 0.999996880723
52 (5, 2, 3) 0.166666666667 0.166666666667 0.166666666667 0.166666666667 0.166666666667 0.166666666667
53 (5, 2, 4) 0.166666666667 0.166666666667 0.166666666667 0.166666666667 0.166666666667 0.166666666667
54 (7, 0, -4) 0.077138564032 0.790337099907 0.0162913404515 0.00635839540874 0.0101573183511 0.0997172818492
55 (7, 0, -3) 0.000310131089 0.520435418271 0.0444494442655 0.000559596541415 0.0372064104146 0.397038999418
56 (7, 0, -2) 0.00179077017158 0.884980415809 0.0247790204123 1.02433637349e-05 0.0139434368142 0.0744961134287
57 (7, 0, -1) 0.00649341680991 0.752732839878 0.114656678437 0.00341756684204 0.112383750977 0.0103157470566
58 (7, 0, 0) 0.00352966044934 0.90972982154 0.0575957570464 0.00174144958754 0.0129536698464 0.01444964153
59 (7, 0, 1) 0.0487684746676 0.000523532847175 0.0219237647952 0.00978736625397 0.000146310360925 0.918850551075
60 (7, 0, 2) 8.36889291583e-05 0.993007340702 6.53486321203e-05 1.44667562031e-05 0.000894164127523 0.00593499085347
61 (7, 0, 3) 1.61463367149e-05 1.00736183545e-06 0.999966912523 9.21578517929e-07 2.69626713271e-07 1.47425729918e-05
62 (7, 0, 4) 0.00818605746923 0.0496867364236 0.837080282719 0.0073839820891 0.000387771516133 0.0972751697831
63 (7, 1, -4) 0.166666666667 0.166666666667 0.166666666667 0.166666666667 0.166666666667 0.166666666667
64 (7, 1, -3) 0.0320218840423 0.0319573685149 0.695686206814 0.00964150587184 0.187620973076 0.043072061681
65 (7, 1, -2) 0.166666666667 0.166666666667 0.166666666667 0.166666666667 0.166666666667 0.166666666667
66 (7, 1, -1) 0.166666666667 0.166666666667 0.166666666667 0.166666666667 0.166666666667 0.166666666667
67 (7, 1, 0) 0.166666666667 0.166666666667 0.166666666667 0.166666666667 0.166666666667 0.166666666667
68 (7, 1, 1) 0.166666666667 0.166666666667 0.166666666667 0.166666666667 0.166666666667 0.166666666667
69 (7, 1, 2) 0.166666666667 0.166666666667 0.166666666667 0.166666666667 0.166666666667 0.166666666667
70 (7, 1, 3) 1.59320694436e-05 0.99876641271 4.07835876099e-05 6.69265541721e-05 0.00106448916963 4.54559092103e-05
71 (7, 1, 4) 0.166666666667 0.166666666667 0.166666666667 0.166666666667 0.166666666667 0.166666666667
72 (7, 2, -4) 0.166666666667 0.166666666667 0.166666666667 0.166666666667 0.166666666667 0.166666666667
73 (7, 2, -3) 0.00281536269778 0.00546546502289 0.0149351548904 0.0246298126324 0.903252046424 0.0489021583326
74 (7, 2, -2) 0.166666666667 0.166666666667 0.166666666667 0.166666666667 0.166666666667 0.166666666667
75 (7, 2, -1) 0.166666666667 0.166666666667 0.166666666667 0.166666666667 0.166666666667 0.166666666667
76 (7, 2, 0) 0.166666666667 0.166666666667 0.166666666667 0.166666666667 0.166666666667 0.166666666667
77 (7, 2, 1) 0.166666666667 0.166666666667 0.166666666667 0.166666666667 0.166666666667 0.166666666667
78 (7, 2, 2) 0.166666666667 0.166666666667 0.166666666667 0.166666666667 0.166666666667 0.166666666667
79 (7, 2, 3) 0.000381313963928 1.91352276022e-05 0.998396587272 5.50466058919e-06 0.000143761241536 0.00105369763402
80 (7, 2, 4) 0.166666666667 0.166666666667 0.166666666667 0.166666666667 0.166666666667 0.166666666667
81 (9, 0, -4) 0.200479184854 0.157297193972 0.122722004052 0.0380336877356 0.277152294819 0.204315634566
82 (9, 0, -3) 0.0822084642169 0.018375195287 0.52759944636 0.158365236198 0.0137641965024 0.199687461435
83 (9, 0, -2) 0.0232383096666 0.447854559516 0.503557544046 0.00370228350052 0.00269327756598 0.0189540257056
84 (9, 0, -1) 0.0057827953703 0.0013329111027 0.560888917594 0.430640754686 0.00132956558948 2.50556566859e-05
85 (9, 0, 0) 0.100262303421 0.056875936331 0.672379289048 0.102275934514 0.00236807636576 0.06583846032
86 (9, 0, 1) 0.0400801515636 0.899633254043 0.002159562195 0.0322478338486 0.00680483106979 0.0190743672804
87 (9, 0, 2) 0.000398903271681 0.986721202589 0.00121920660923 0.000462515734049 0.00869905935083 0.00249911244509
88 (9, 0, 3) 0.0365699282966 0.271279970362 0.113227512142 0.00593428745119 0.00550673393487 0.567481567814
89 (9, 0, 4) 0.010360623911 0.868065776028 0.00675261330598 0.0747279740891 0.0037624305371 0.036330582129
90 (9, 1, -4) 0.000583270567717 0.99212886146 0.00161174817737 0.000521164645477 0.00385511405618 0.00129984109322
91 (9, 1, -3) 0.166666666667 0.166666666667 0.166666666667 0.166666666667 0.166666666667 0.166666666667
92 (9, 1, -2) 0.166666666667 0.166666666667 0.166666666667 0.166666666667 0.166666666667 0.166666666667
93 (9, 1, -1) 0.166666666667 0.166666666667 0.166666666667 0.166666666667 0.166666666667 0.166666666667
94 (9, 1, 0) 0.166666666667 0.166666666667 0.166666666667 0.166666666667 0.166666666667 0.166666666667
95 (9, 1, 1) 0.166666666667 0.166666666667 0.166666666667 0.166666666667 0.166666666667 0.166666666667
96 (9, 1, 2) 0.166666666667 0.166666666667 0.166666666667 0.166666666667 0.166666666667 0.166666666667
97 (9, 1, 3) 0.166666666667 0.166666666667 0.166666666667 0.166666666667 0.166666666667 0.166666666667
98 (9, 1, 4) 0.162909811825 0.231186035325 0.407284846391 0.00737804204489 0.0348044775963 0.156436786818
99 (9, 2, -4) 0.0170390052948 0.000295713172206 0.956997174963 0.00568193552908 0.00597560404694 0.0140105669943
100 (9, 2, -3) 0.166666666667 0.166666666667 0.166666666667 0.166666666667 0.166666666667 0.166666666667
101 (9, 2, -2) 0.166666666667 0.166666666667 0.166666666667 0.166666666667 0.166666666667 0.166666666667
102 (9, 2, -1) 0.166666666667 0.166666666667 0.166666666667 0.166666666667 0.166666666667 0.166666666667
103 (9, 2, 0) 0.166666666667 0.166666666667 0.166666666667 0.166666666667 0.166666666667 0.166666666667
104 (9, 2, 1) 0.166666666667 0.166666666667 0.166666666667 0.166666666667 0.166666666667 0.166666666667
105 (9, 2, 2) 0.166666666667 0.166666666667 0.166666666667 0.166666666667 0.166666666667 0.166666666667
106 (9, 2, 3) 0.166666666667 0.166666666667 0.166666666667 0.166666666667 0.166666666667 0.166666666667
107 (9, 2, 4) 0.06006768219 0.306908913233 0.23906595665 0.219096227368 0.0360347641958 0.138826456363
108 (0, 0, 0) 0.00060411112559 0.97131526875 0.0277602828599 0.000320337263863 2.91017297718e-13 2.91017297718e-13
