8.89457272550532 8.1390417101612975 10.832730536466505 9.5529759066759539 8.0219512906566131 8.8347727116717696
8.265711670681144 8.4685936099228076 9.7505253255949658 9.4161080679074782 8.0547545657305815 10.37153511400366
9.0641914369890308 11.527119317128969 11.013894664872129 9.0209663389956916 9.2463015339939769 9.5171395731554487
11.062948810847388 10.75590153013359 11.559611492077165 9.2596720613939461 9.0787410249817277 8.9724551171162936
10.313029682082776 10.032640819941115 12.769796726853226 9.0315161911903949 10.243780683359693 9.5196586975766078
7.3755309252998362 10.433727559401635 9.0196719195780961 8.4553893994249041 7.304107975479357 8.2676616123735549
8.4343434627567699 6.4489274453720142 8.4476672944561759 7.6575061000107034 9.2758310604196339 7.7169755472008061
8.8099112932790362 11.696081981695878 10.333848504747209 9.5864544883895437 9.4304910914424944 10.323047682692964
9.3890043015551861 9.9758748296121578 10.929646080445098 9.2119898953481698 10.346194493814453 10.115218705214385
0.0 0.0 0.0 0.0 0.0 0.0
0.0 0.0 0.0 0.0 0.0 0.0
0.0 0.0 0.0 0.0 0.0 0.0
7.5321260178058154 11.977929960004733 10.723190716435186 9.0341674121352398 10.752504827751363 7.1822369478273629
0.0 0.0 0.0 0.0 0.0 0.0
9.3003131186140813 10.909455918582431 7.5079924996584015 8.6468920447762105 8.3463707322255658 10.728371923838267
0.0 0.0 0.0 0.0 0.0 0.0
0.0 0.0 0.0 0.0 0.0 0.0
0.0 0.0 0.0 0.0 0.0 0.0
0.0 0.0 0.0 0.0 0.0 0.0
0.0 0.0 0.0 0.0 0.0 0.0
0.0 0.0 0.0 0.0 0.0 0.0
10.51612137226501 13.09863156232152 8.700842737627573 8.9706600224838979 9.6913042529049402 9.4041022566554524
0.0 0.0 0.0 0.0 0.0 0.0
8.7432616405409487 10.286221101274569 8.4069607761607283 9.0588639799533315 10.216664868484328 8.3158354334538984
0.0 0.0 0.0 0.0 0.0 0.0
0.0 0.0 0.0 0.0 0.0 0.0
0.0 0.0 0.0 0.0 0.0 0.0
8.3115467998053205 9.9970234050958489 10.228006918456861 8.6311508637900314 9.0647185553650829 15.32568887421967
10.043466701685752 12.114008757995157 12.357105570247636 9.1926201931528464 10.708835146550383 16.449334239806756
9.0337961868440484 10.37525246398139 12.484590336809999 7.6353487804875693 10.429403274692577 12.413428581856985
9.9663748568266755 10.878526979022142 10.342070177796002 9.9602287105873408 10.164599843506243 10.904012448168176
10.771266327942495 13.089293199333012 11.369734780420927 9.4825644084860752 10.459269314033174 17.873409105734599
8.9336200660177845 8.8838457829090576 8.3888643384523061 7.5804288984807915 7.7696381987842944 18.363268143061468
10.006001021543891 12.221422110007687 9.5764966888486711 8.4328684344420903 8.9828833858394166 17.40601255402818
8.2798257542331797 12.029479725193362 10.652881215903085 8.5006805672309032 9.9214807775957663 18.836769619895922
8.2388391569241577 13.045185016844783 11.414056952425671 8.8373374366754831 10.498640280866082 12.009261934287151
0.0 0.0 0.0 0.0 0.0 0.0
0.0 0.0 0.0 0.0 0.0 0.0
9.4558014744933541 11.756867092397968 10.453520232911934 9.1476804885462375 10.655755496454196 11.413330685333538
0.0 0.0 0.0 0.0 0.0 0.0
0.0 0.0 0.0 0.0 0.0 0.0
0.0 0.0 0.0 0.0 0.0 0.0
8.335795991855699 9.1781902141043599 8.697415891677112 8.6668171187096874 9.191115495269873 16.969489291446045
0.0 0.0 0.0 0.0 0.0 0.0
0.0 0.0 0.0 0.0 0.0 0.0
0.0 0.0 0.0 0.0 0.0 0.0
0.0 0.0 0.0 0.0 0.0 0.0
8.8018486363349151 12.077612658742199 11.847752184336189 9.3135666023502672 9.7646822832923963 11.750541782322083
0.0 0.0 0.0 0.0 0.0 0.0
0.0 0.0 0.0 0.0 0.0 0.0
0.0 0.0 0.0 0.0 0.0 0.0
9.7981045339016699 11.688795094456129 8.2694442965234494 8.6659891729789837 9.4384665032737658 18.046074437303425
0.0 0.0 0.0 0.0 0.0 0.0
0.0 0.0 0.0 0.0 0.0 0.0
10.083489046706099 11.246917159542736 9.3060042309488065 8.835575403596394 9.0697846106934215 10.211856878174359
8.4784715824155512 12.191184586002169 10.961027913696942 8.773582075653275 10.872092218690822 12.055868939574152
9.8903757725562933 12.991835635039198 11.204051549189067 7.3084902653848731 10.916557336317181 11.754426354813308
10.10375934673263 12.480220099396352 11.539336043259633 9.7828293382213385 11.529324595504573 10.335200698232573
10.106578384430149 12.882551374275952 11.502701997564914 9.753336477606311 10.756667113176709 10.811312349583496
9.9618127660967595 7.6946929668398241 9.5620563189695282 9.1588169176195429 7.0572581426277754 11.429832463442253
8.5778805817023773 13.268573899113612 8.4541954855175625 7.7002539021743086 9.762271904467557 10.708637614351732
9.9398276876771714 8.5526485248124651 15.456719825077871 8.5081474406822668 7.8936226800982494 9.8943508051033326
10.518428424793159 11.420081237916698 12.832172217114323 10.466868761336789 8.9935427311762197 11.755984107687134
0.0 0.0 0.0 0.0 0.0 0.0
10.239282040885096 10.238273658532304 11.778521621388979 9.6391109217907616 11.123284181744507 10.387509551225872
0.0 0.0 0.0 0.0 0.0 0.0
0.0 0.0 0.0 0.0 0.0 0.0
0.0 0.0 0.0 0.0 0.0 0.0
0.0 0.0 0.0 0.0 0.0 0.0
0.0 0.0 0.0 0.0 0.0 0.0
7.8577920389216143 13.380763131480744 8.3277648948997491 8.575422932756549 9.9587501819622819 8.3819964407908625
0.0 0.0 0.0 0.0 0.0 0.0
0.0 0.0 0.0 0.0 0.0 0.0
8.5077084987702545 8.8393875543406164 9.3420218610739578 9.5921417521902921 11.393163767607977 9.9350737163783105
0.0 0.0 0.0 0.0 0.0 0.0
0.0 0.0 0.0 0.0 0.0 0.0
0.0 0.0 0.0 0.0 0.0 0.0
0.0 0.0 0.0 0.0 0.0 0.0
0.0 0.0 0.0 0.0 0.0 0.0
9.9154926900844078 8.4194466527185554 13.850634075238336 7.7964787026751665 9.4277580853440384 10.423711552642233
0.0 0.0 0.0 0.0 0.0 0.0
9.0686990353151771 8.9474123083310104 8.8233046566144786 8.2375799659093918 9.2306274006776849 9.0781768359237738
9.1699621930921627 8.4208338956610955 10.099501744951173 9.4977850526311585 8.2763684413984056 9.6137097849309558
9.3646603819900243 10.843993552101461 10.902608281068808 8.4462341800112082 8.287138723192907 9.2627674578459978
8.7534410508884513 8.0196801286251063 11.040758892993752 10.908634567325889 8.0184235861770468 6.0326696233918131
10.586995451481123 10.303536728506609 11.538511858220113 10.59693775897866 8.7141395412356388 10.376702643917248
9.1235868485786327 10.679139821813479 7.6630989862550773 9.014871666179852 8.2369626351149225 8.752318932692166
7.5022304536333193 11.40894237781548 8.0608487762539554 7.5762112612854775 9.0433560624176987 8.4197164362449932
9.8098646263674141 10.811827184927305 10.374951078826555 8.9006249716865522 8.8632373382084104 11.180855625247563
9.6973805298138576 11.911508046082155 9.48333909397053 10.685301554687634 9.1909068847731881 10.324704235507818
7.8261456943362093 11.545624246453841 8.3343574538807346 7.7698531122159595 8.7703980432643043 8.2268187572019471
0.0 0.0 0.0 0.0 0.0 0.0
0.0 0.0 0.0 0.0 0.0 0.0
0.0 0.0 0.0 0.0 0.0 0.0
0.0 0.0 0.0 0.0 0.0 0.0
0.0 0.0 0.0 0.0 0.0 0.0
0.0 0.0 0.0 0.0 0.0 0.0
0.0 0.0 0.0 0.0 0.0 0.0
10.52836703250575 10.703380026577143 10.986525063977423 8.9810228084323516 9.7566416820433428 10.508094664653619
9.4091619109070646 7.3822266847805365 11.423309558155021 8.8600553068411063 8.8852519326317161 9.3113152535227677
0.0 0.0 0.0 0.0 0.0 0.0
0.0 0.0 0.0 0.0 0.0 0.0
0.0 0.0 0.0 0.0 0.0 0.0
0.0 0.0 0.0 0.0 0.0 0.0
0.0 0.0 0.0 0.0 0.0 0.0
0.0 0.0 0.0 0.0 0.0 0.0
0.0 0.0 0.0 0.0 0.0 0.0
9.7035994869211368 10.519139007435964 10.394233246991677 10.350619019280405 9.4481055777385023 10.122475824292929
10.726820646493783 14.418144754194815 12.640622366629165 10.409628759780468 0.0 0.0
