5.8123300585881186 7.6828081872680904 7.3824949801185387 4.0373451224709775 6.5245875914554521 6.0229563634121117
5.2581420227845994 6.2272319913798757 6.5780668893469469 4.3676754171954801 6.2441760313647707 5.8981433751069003
5.3621139549302912 6.6716465625298849 7.5239715190122451 4.3182565652591149 5.0883174113568739 5.9104744427484608
3.6008188117786686 4.9531808722954427 3.9595831617885082 3.2803798780742492 3.1688254893886505 4.0490335174075902
6.2199731615937282 6.6795039762641544 6.748278598363048 4.8848042219404162 5.8356576068401216 6.0634429056367214
6.2154388931512621 6.9171322668316959 7.2633993295666679 3.7013278503581941 5.6445419895249254 6.4694186131261757
6.4578214596706207 7.1477224615145634 6.8496081632089743 5.1330093571584383 5.8831218259890008 6.1449279733466886
6.1303426573447162 6.95475831224896 6.2409502859051793 5.3383340424969399 6.3525321211702801 6.2898124233025232
5.304624241359285 6.7074102284139885 7.2963491660922069 5.11524793864087 5.5954342846882099 5.8466795252455794
0.0 0.0 0.0 0.0 0.0 0.0
0.0 0.0 0.0 0.0 0.0 0.0
0.0 0.0 0.0 0.0 0.0 0.0
3.3780255599362121 3.499464702461605 4.1428815523871378 3.7502607846745115 4.2770917485235849 4.1149600119235012
0.0 0.0 0.0 0.0 0.0 0.0
6.5552912305703579 7.5609539003981547 7.356326522749054 4.3735521154909698 5.1788496239203212 6.2906053459988307
0.0 0.0 0.0 0.0 0.0 0.0
0.0 0.0 0.0 0.0 0.0 0.0
0.0 0.0 0.0 0.0 0.0 0.0
0.0 0.0 0.0 0.0 0.0 0.0
0.0 0.0 0.0 0.0 0.0 0.0
0.0 0.0 0.0 0.0 0.0 0.0
4.2816021997396794 5.1160655027655171 4.1149116904319598 4.0314171027131458 3.389657217681036 3.5411261156105627
0.0 0.0 0.0 0.0 0.0 0.0
6.3443552245159403 6.859046524300231 7.4233960982537752 5.0896957922591994 6.0525630265565233 6.457477869965893
0.0 0.0 0.0 0.0 0.0 0.0
0.0 0.0 0.0 0.0 0.0 0.0
0.0 0.0 0.0 0.0 0.0 0.0
5.9019610086292422 7.0527778502763629 6.7081737429100645 4.4576539449492714 7.6371929872389739 7.6063593501063025
5.0525427751601608 7.2602075540671791 6.1709392978024669 4.7713111604650029 7.2089431722884108 6.9248513403876402
5.4973803300546606 6.3182869311218113 6.3087077649576875 4.5795881605160647 6.9937297988053793 6.7153129627471326
4.774348558405042 6.2585506731771581 5.8858027846251879 4.158201127023669 5.9798499916293322 6.2138311438630671
6.0072863367353815 7.9100909632765664 6.6042123368699581 5.1004711775425999 8.0012391276792663 7.6890203342434997
5.3665482297547626 7.7688175052194781 5.9774888409719722 4.2107368583359888 7.4973636672033255 7.2527780303222444
5.3825409351166495 8.0282544149975763 7.0311663801748665 4.7027944660626213 7.0136785863856792 6.8532401030960965
4.959004674922916 7.7578107718442704 6.2734338892498567 4.5824606021761705 6.0586298653677053 7.6888283491003735
5.3284483918943932 6.8459596009835835 7.1870717506756474 4.6626688405908077 6.9822152669901589 7.294352996790094
0.0 0.0 0.0 0.0 0.0 0.0
0.0 0.0 0.0 0.0 0.0 0.0
5.3718942260529907 7.2089272847882073 7.1728683410818963 4.9454121023458253 6.7723289507910778 6.6896287111666419
0.0 0.0 0.0 0.0 0.0 0.0
0.0 0.0 0.0 0.0 0.0 0.0
0.0 0.0 0.0 0.0 0.0 0.0
5.6232118915240719 8.0220656460820639 5.8271472192972231 4.1085839172944167 7.311192599945052 7.0524539677290861
0.0 0.0 0.0 0.0 0.0 0.0
0.0 0.0 0.0 0.0 0.0 0.0
0.0 0.0 0.0 0.0 0.0 0.0
0.0 0.0 0.0 0.0 0.0 0.0
5.4004383972756447 6.1690222075409862 7.0411797650597476 4.9033145627765036 6.9702633057548251 7.1210059421968523
0.0 0.0 0.0 0.0 0.0 0.0
0.0 0.0 0.0 0.0 0.0 0.0
0.0 0.0 0.0 0.0 0.0 0.0
6.0314959119153082 7.3859563001247128 6.2922370355323203 4.8577919441913044 7.1548002426301727 8.0397068708715889
0.0 0.0 0.0 0.0 0.0 0.0
0.0 0.0 0.0 0.0 0.0 0.0
5.7820177446389831 7.5603403035827492 6.5386171493597356 3.9038206182649113 5.9720778278401729 6.508701405751057
5.7354288998047211 7.6230558858029109 5.5245259569181018 4.490619085355644 6.1923832053121828 7.0862034406882728
5.5738546518646279 6.6085219945468774 5.9160157305815835 3.8991835070628724 6.3652620021259638 6.7621491706550501
3.2424576752748555 5.7174879858508989 5.0330610799342956 4.3195107191003324 5.3768938449589818 3.455058664633047
5.7560615508411885 7.1355364498855307 6.9079235764220002 4.6155369839976501 6.4086826990389705 7.0870093502980751
5.6211696022052484 7.4623935560406975 6.9009927517825123 4.1437366927326664 6.0170948682817382 7.901582844413344
5.9033433297441791 7.2546935884964405 6.7218865988383572 4.8224745917389029 5.8948071249618694 4.7017639897830099
5.8342635508899283 5.7098007053684094 6.9309000015506488 4.0932199289341415 7.0236606107903192 6.8902052722848355
5.8145815246895003 7.4858371491906643 6.7339827233086238 5.2725347744528781 7.0930505825979662 6.3558471896016115
0.0 0.0 0.0 0.0 0.0 0.0
5.000949502689445 7.5209213421909453 6.5767967248906594 4.8936372257935128 6.8392795324644577 5.7014442830496375
0.0 0.0 0.0 0.0 0.0 0.0
0.0 0.0 0.0 0.0 0.0 0.0
0.0 0.0 0.0 0.0 0.0 0.0
0.0 0.0 0.0 0.0 0.0 0.0
0.0 0.0 0.0 0.0 0.0 0.0
5.7970717305672945 7.5574014856726963 6.2117212096757974 4.2317193522140411 7.3602041995046958 6.554471861506534
0.0 0.0 0.0 0.0 0.0 0.0
0.0 0.0 0.0 0.0 0.0 0.0
5.1291235822771331 7.8614994426312315 6.4716227563151634 4.0679327890857468 6.3703497488236476 6.7842469684305211
0.0 0.0 0.0 0.0 0.0 0.0
0.0 0.0 0.0 0.0 0.0 0.0
0.0 0.0 0.0 0.0 0.0 0.0
0.0 0.0 0.0 0.0 0.0 0.0
0.0 0.0 0.0 0.0 0.0 0.0
5.963276376325636 7.7082242555763782 6.9604259959724306 5.3540801290092404 5.8968392402288297 7.1637192941565413
0.0 0.0 0.0 0.0 0.0 0.0
5.7616382748868959 6.6986589960402911 5.2847463822148821 4.309112159444962 5.1440030290032022 4.0212064779303498
5.9716256462434396 6.8119498684259527 5.2570068911406782 3.5982570231175992 4.5565839403880615 5.1130040536673969
5.5835024782733145 7.0252515966650888 5.3228008773332158 4.5343782277344307 4.7574639018854761 4.0518677018878106
2.076179769199733 3.5610812998438819 3.5828625954972444 2.5467856360742354 1.3544329717022754 2.7372283371285238
5.8642400990124646 6.2852497353688719 5.360771676374104 4.4414117538821003 4.1138658079559676 4.0946949758138915
6.2155697716988376 7.0114930307868786 5.1001022579836759 4.1482188503681936 4.9448662607056919 5.2697004986816829
5.4714477951842326 6.8761717305602463 6.0785973412866143 5.171925830787071 4.5324328680813926 4.7092253779516833
6.2052014100735109 6.1199371882623526 5.8860074647381069 4.6779306182142202 4.9159022561855998 4.4278181411099631
5.3342429361390282 6.5218394775440522 6.0726267384266501 4.4545469968962639 5.024545759612117 4.1568823067781064
6.6643605723720825 7.1978269044735086 6.5007825201939839 4.884360628198344 4.7701757909018632 3.8687533911123344
0.0 0.0 0.0 0.0 0.0 0.0
0.0 0.0 0.0 0.0 0.0 0.0
0.0 0.0 0.0 0.0 0.0 0.0
0.0 0.0 0.0 0.0 0.0 0.0
0.0 0.0 0.0 0.0 0.0 0.0
0.0 0.0 0.0 0.0 0.0 0.0
0.0 0.0 0.0 0.0 0.0 0.0
5.7748080449577781 6.6466328670736292 6.1405101182581987 3.8161477125535086 4.2097384682967887 4.412738121639058
6.5542202252760369 6.4835148371248454 6.1540699435778947 3.7448679700816032 3.6756623216709277 3.7470846668817406
0.0 0.0 0.0 0.0 0.0 0.0
0.0 0.0 0.0 0.0 0.0 0.0
0.0 0.0 0.0 0.0 0.0 0.0
0.0 0.0 0.0 0.0 0.0 0.0
0.0 0.0 0.0 0.0 0.0 0.0
0.0 0.0 0.0 0.0 0.0 0.0
0.0 0.0 0.0 0.0 0.0 0.0
5.6132948294252216 6.5126101751862979 5.5018199472916995 3.7444985499213641 4.8347943468064933 3.6843745470995999
6.3956333142653845 8.2454159872918176 7.1083178414303614 5.2887030137633166 0.0 0.0
