3.5510544067818008 4.5325959969284009 3.6107530247210544 2.4861440696802029 3.8455357412923474 3.5851612288056844
3.5629066920404062 4.5397185320170435 3.4301555027623705 2.4768457824486925 3.8706821349326779 3.50737744744962
3.6357799469612728 5.444686072033071 3.5640420923441676 2.5831549718679665 3.8372837009708567 3.6023617683181839
1.314586874068397 1.5360220690790447 1.2709003337973375 0.94013762474871476 1.1766035017165002 1.1302415070728118
3.1501007362560656 4.1631762177924969 3.0801780783081254 2.2207720334550953 3.3536003434452981 3.1471636512457111
3.6884463744333682 4.9920758671647949 3.6614717422116452 2.5029180816734931 3.8236249462065279 3.8232900356358548
3.7094295107235826 7.3794694448398914 3.7222341717540881 2.950752834160169 4.3349604056988396 4.1733921953821964
3.3586342904734643 4.3949801272426097 3.4484423729533313 2.16466445299042 3.6721036064178358 3.5036214591576598
1.5505344025931431 2.3111076978803156 1.663402087357704 1.1294475579001411 1.9563230040169688 1.7111982019409162
0.0 0.0 0.0 0.0 0.0 0.0
0.0 0.0 0.0 0.0 0.0 0.0
0.0 0.0 0.0 0.0 0.0 0.0
1.3743155914369052 1.6294430929885642 1.1192892861183057 0.77595143803693134 1.3695957694698377 0.86854930344474468
0.0 0.0 0.0 0.0 0.0 0.0
3.8401376055042507 7.0784592065965075 3.5744517012661037 2.4437119914497947 4.0970186574373288 3.6964249845167068
0.0 0.0 0.0 0.0 0.0 0.0
0.0 0.0 0.0 0.0 0.0 0.0
0.0 0.0 0.0 0.0 0.0 0.0
0.0 0.0 0.0 0.0 0.0 0.0
0.0 0.0 0.0 0.0 0.0 0.0
0.0 0.0 0.0 0.0 0.0 0.0
0.81964924539112582 1.2846854102323331 1.1980079442699814 0.77389450026200046 0.93954955823815445 1.2455463606008439
0.0 0.0 0.0 0.0 0.0 0.0
3.560199210126143 6.982893795604209 3.6436495855932693 2.467645199123814 3.7782068222307958 3.4335794764764005
0.0 0.0 0.0 0.0 0.0 0.0
0.0 0.0 0.0 0.0 0.0 0.0
0.0 0.0 0.0 0.0 0.0 0.0
3.5730523339306548 6.912249097459032 3.2503022947979172 2.2141487005069385 7.4337014442695359 4.4051094997004547
3.530680731054531 7.1798071623097295 3.5245302515798951 2.5008321393144839 7.359191956516085 4.104704892763599
4.2840400368442788 7.1333650345498727 4.1309547217062699 2.7944837411078187 7.3923606866317835 6.7857454060211326
1.6276959406122207 2.0663156958959967 1.464023716535797 0.75044599093546038 2.3245855567363036 1.7570757152315655
4.5006309774302338 7.4150469172150562 4.3858678670365894 3.0477093048101689 7.6182443503085597 7.050074582930951
3.7094470237442518 7.2090661749894132 3.9034605750605342 2.3489271754489462 7.2241196792254545 5.0176247125690381
5.0037450707374109 7.3953057867614209 4.3651231125691172 2.4569526695510602 7.3994482099528014 6.6259235499983236
4.1079811944223863 5.8245824015768628 3.9904760135622537 2.6791056571217209 5.9360255327894631 4.9514991242223676
2.9394881557038004 3.7745944561326854 2.788469033301161 1.5175348793749681 3.5141586954662758 2.8685689613528549
0.0 0.0 0.0 0.0 0.0 0.0
0.0 0.0 0.0 0.0 0.0 0.0
4.4697711655918084 7.1355448335446257 3.8996232555509001 2.6568440087614054 7.4259876919749752 6.7417880528656813
0.0 0.0 0.0 0.0 0.0 0.0
0.0 0.0 0.0 0.0 0.0 0.0
0.0 0.0 0.0 0.0 0.0 0.0
5.1852753134621139 7.2744483810355343 4.9868987634565567 2.6577895929803077 7.4450305855179195 6.6404618875005843
0.0 0.0 0.0 0.0 0.0 0.0
0.0 0.0 0.0 0.0 0.0 0.0
0.0 0.0 0.0 0.0 0.0 0.0
0.0 0.0 0.0 0.0 0.0 0.0
4.1075595557166107 7.1551235223390686 3.468952153520604 2.7885649693798578 7.3426721167943718 5.037790669141109
0.0 0.0 0.0 0.0 0.0 0.0
0.0 0.0 0.0 0.0 0.0 0.0
0.0 0.0 0.0 0.0 0.0 0.0
3.8445733614398647 7.2062597572239442 3.8082370657800704 2.2221006746967791 7.2633668982782176 6.75419697817554
0.0 0.0 0.0 0.0 0.0 0.0
0.0 0.0 0.0 0.0 0.0 0.0
3.9274709005350563 6.2968566553295711 2.8135735985755481 2.1974124818120995 3.4801403189786435 2.4853679389194387
3.5870826425521054 4.2411910963489134 3.0246634887185406 2.3760190779300627 3.4103833934472352 2.5846059691931673
3.5717170824912197 4.5326736533209449 3.1637977855115542 2.3364589322007032 3.2765082149369427 2.4630341103864564
1.1917014767504759 1.24712149173188 1.0123724531634417 0.73601172444609197 0.98418079379692203 0.6036942777156713
3.0054663715793906 3.8137598735078706 2.5235924247537813 1.7516222344197327 2.975220505299542 1.9917192995950095
3.5586929067978099 6.1058792042825072 3.3203109847114587 2.3234204645665431 3.503522907127393 2.6030855551223069
3.829825580747912 6.7622328681411421 3.5074329425994875 2.1667669826194085 3.919838839345954 2.7069880328758993
3.172460480874836 4.146884171641144 3.1364966066428752 2.0586938203389824 3.4377969348849913 2.3186172604995501
1.3569116420731011 1.8186065537652298 1.4488013174666501 1.0360554385665965 1.5138484919975705 1.2883173991245684
0.0 0.0 0.0 0.0 0.0 0.0
3.6390655035857451 4.8588191920149066 3.2634360157242743 2.3339418802323797 3.5738936203035556 2.6868690536737878
0.0 0.0 0.0 0.0 0.0 0.0
0.0 0.0 0.0 0.0 0.0 0.0
0.0 0.0 0.0 0.0 0.0 0.0
0.0 0.0 0.0 0.0 0.0 0.0
0.0 0.0 0.0 0.0 0.0 0.0
3.1588045793718726 4.2321004717704618 3.2935358282011622 2.003529223628461 3.2006219432278242 2.4538580644927857
0.0 0.0 0.0 0.0 0.0 0.0
0.0 0.0 0.0 0.0 0.0 0.0
3.4866996675437107 4.2432627947189703 3.0138661986286848 2.2399280394799868 3.161244305427803 2.5362521948576182
0.0 0.0 0.0 0.0 0.0 0.0
0.0 0.0 0.0 0.0 0.0 0.0
0.0 0.0 0.0 0.0 0.0 0.0
0.0 0.0 0.0 0.0 0.0 0.0
0.0 0.0 0.0 0.0 0.0 0.0
3.3037049027109311 3.9182990456028826 2.8439061590363455 1.9613489722079667 3.0468786041092555 2.3092860724004201
0.0 0.0 0.0 0.0 0.0 0.0
3.8279037872962833 6.1238002712898894 3.1911319026249259 2.0410549632782278 2.2675052652910535 2.1290775697796955
3.4021738389729794 4.1818998325048362 3.0414966690566461 2.3790655268301282 2.2948047423049496 2.3335852513759976
3.5100115394327949 4.5565854328149848 2.8026571262626412 2.4177789308757975 2.3578025948890122 2.219642673920581
1.2069394281031631 1.2898191092410487 0.97618975124564833 0.66303247219859729 0.74361701346918807 0.71097493817440938
2.9322703883958026 3.2860528399749507 2.507600928156009 1.7432087441745419 1.8072252404317977 1.6215003973171753
3.734192265007755 6.2344293554957924 3.1446207733677731 2.0833437330417435 2.1033452862425768 2.2748237917605878
3.7129298136824178 6.3588353950226928 3.3058273229980264 2.2838837017533731 2.3542572518575602 2.1731892280385314
3.1783402818372313 3.8030589574180729 2.7678673046878335 2.3320867268059704 2.0300218865960433 1.9772308746569618
1.4775750594724333 1.7294288616623716 1.0377675501194328 0.87767408180554118 0.85200779566520579 0.89020105866884569
3.473742271657339 4.5081501026713031 3.1482819790468795 2.4879168693587146 2.2330842345763866 2.4348603605486163
0.0 0.0 0.0 0.0 0.0 0.0
0.0 0.0 0.0 0.0 0.0 0.0
0.0 0.0 0.0 0.0 0.0 0.0
0.0 0.0 0.0 0.0 0.0 0.0
0.0 0.0 0.0 0.0 0.0 0.0
0.0 0.0 0.0 0.0 0.0 0.0
0.0 0.0 0.0 0.0 0.0 0.0
1.5493255316249683 1.7468624525423166 1.3050580394752422 0.96453502756985454 0.91027792529557561 0.7764640045494593
3.8042295519390534 5.8247338847808665 3.0935840457571846 2.1770947089112878 2.1402262865933932 2.3241098248907766
0.0 0.0 0.0 0.0 0.0 0.0
0.0 0.0 0.0 0.0 0.0 0.0
0.0 0.0 0.0 0.0 0.0 0.0
0.0 0.0 0.0 0.0 0.0 0.0
0.0 0.0 0.0 0.0 0.0 0.0
0.0 0.0 0.0 0.0 0.0 0.0
0.0 0.0 0.0 0.0 0.0 0.0
1.7151925638166019 1.648320493418181 1.4245195151769707 0.93329314475780589 0.7128841524848829 0.85680132005202625
4.0117919875218284 7.5856784743508774 3.4678299657234142 2.3109441441492438 0.0 0.0
