13.734295871496528 15.229831735644915 14.814688148270831 15.043650593929295 13.519237446558062 12.997410132293377
14.320287386080761 14.728662882826297 14.45676323306197 14.08741423495392 12.967551368087744 13.456030426728777
13.633287733589754 13.976454787423059 14.392410261953957 14.923425022324828 13.451972772805622 13.416199164418581
13.174636931670396 15.725895124639058 15.666653227626341 17.469827935913752 13.792650633010533 14.839661584818277
13.417122181410967 14.704306815518891 14.47372232597764 13.371217475364116 13.456839868187252 13.645855443389355
11.369180160139118 14.174987204791584 17.482211535441895 14.302450860882836 13.385960688319194 12.887667628872361
13.797867238526971 15.355162860721352 13.064321816455582 14.262020751754733 14.241145818127894 12.197490385413948
12.016457983405376 14.972673079570727 12.142517094614917 13.979236877262457 13.522400547279764 11.663046768303316
14.724065145236093 15.838170759561041 14.107321640378768 15.271387906227185 13.126535387762761 13.45726670764015
0.0 0.0 0.0 0.0 0.0 0.0
0.0 0.0 0.0 0.0 0.0 0.0
0.0 0.0 0.0 0.0 0.0 0.0
14.639137469078324 13.757948651575234 15.548192295804675 16.045617692494641 14.316274167693964 14.147479631314852
0.0 0.0 0.0 0.0 0.0 0.0
12.370534845854872 14.722222519001878 12.381674850574624 14.080377701992894 11.86800400748805 11.77563457123965
0.0 0.0 0.0 0.0 0.0 0.0
0.0 0.0 0.0 0.0 0.0 0.0
0.0 0.0 0.0 0.0 0.0 0.0
0.0 0.0 0.0 0.0 0.0 0.0
0.0 0.0 0.0 0.0 0.0 0.0
0.0 0.0 0.0 0.0 0.0 0.0
14.518454486432875 14.809794015431613 14.899921344791585 15.370503695816558 14.084090048878792 13.667167000501985
0.0 0.0 0.0 0.0 0.0 0.0
12.879660635977231 12.760050936631162 17.347114242084583 12.801608604552154 12.253403563662637 12.474929151526634
0.0 0.0 0.0 0.0 0.0 0.0
0.0 0.0 0.0 0.0 0.0 0.0
0.0 0.0 0.0 0.0 0.0 0.0
13.072015066948575 13.921450530459536 12.64337554231135 15.129949159998539 11.479872394966147 15.733978617164594
13.616866347189029 14.523382144769766 15.983527245263861 16.580058320005001 15.025773627271523 14.495841069587073
13.623750554362761 15.105512573478597 13.321046217973938 16.229186705293419 14.716710757677294 15.197496754091107
13.49226086428696 13.91453618474217 15.182195659797134 16.420961439559584 15.54171491602745 14.3166567987198
14.367308577540754 14.989309984644454 15.838139303863294 16.318359389914377 15.91738803671667 15.658023331063095
12.044442268982927 12.801547728486852 12.321041318568644 15.898607248979021 15.739035632951618 16.125956530751488
12.922306464486873 12.510588642736106 14.916773902288329 15.696162316219558 15.014588887721015 13.69676500977249
14.279275594021401 14.45519264501181 12.225123430528427 11.706071770424437 14.430568289111651 11.486935343450879
11.446786259689532 14.369509271636975 15.324396132417622 16.436211213935785 15.333274527079819 14.104912846184543
0.0 0.0 0.0 0.0 0.0 0.0
0.0 0.0 0.0 0.0 0.0 0.0
13.68415975647588 15.246816246740515 14.043638923906332 17.262192410167792 14.84500966097192 14.474354106384244
0.0 0.0 0.0 0.0 0.0 0.0
0.0 0.0 0.0 0.0 0.0 0.0
0.0 0.0 0.0 0.0 0.0 0.0
12.749180488032016 15.07584991149923 13.419608180320113 14.14145527513101 12.871164649046076 14.756868066432517
0.0 0.0 0.0 0.0 0.0 0.0
0.0 0.0 0.0 0.0 0.0 0.0
0.0 0.0 0.0 0.0 0.0 0.0
0.0 0.0 0.0 0.0 0.0 0.0
14.054892051629089 15.613100119596846 15.588624766904225 16.401475492237104 15.164523418645325 15.153654510510252
0.0 0.0 0.0 0.0 0.0 0.0
0.0 0.0 0.0 0.0 0.0 0.0
0.0 0.0 0.0 0.0 0.0 0.0
11.911676707143656 13.352173399079456 14.59778695568493 17.960341071886837 15.048636569536509 14.620395299248255
0.0 0.0 0.0 0.0 0.0 0.0
0.0 0.0 0.0 0.0 0.0 0.0
12.088487973626227 13.254334141163275 13.516566472794384 11.028837451914093 14.163685684957134 15.992265426212562
12.336326605918163 13.780620997071162 16.484775577879212 12.132029710700216 12.85992704970753 13.545377109469817
13.77680294009093 14.08794695254025 15.408710982541326 14.850967000088918 15.729793966890357 14.663011296924308
13.394605529960483 14.73296935770216 16.578260706454984 15.618616433944336 16.047849548884663 15.076636736651627
13.725375650150385 14.500874745877535 14.534075576109842 15.27578231766471 15.594501683215922 14.12290504457293
12.008860184072267 13.327693132212779 16.496738280568426 11.109207858328585 12.256235821200725 12.452353387829524
12.165996135827568 12.549340737052319 12.444535143929823 13.150163075433387 21.642451328396625 12.269509547313474
11.418078132122286 11.087174886662408 14.577279643658716 12.719210234248234 22.076674375981575 12.425128185769296
12.322074533051385 12.054429072340241 13.220550564422677 12.674431113673561 21.189414906636831 12.180847259290051
0.0 0.0 0.0 0.0 0.0 0.0
11.743890485411457 13.950772960207532 12.981183167989398 13.011566250166359 19.906608685068299 12.650739889395405
0.0 0.0 0.0 0.0 0.0 0.0
0.0 0.0 0.0 0.0 0.0 0.0
0.0 0.0 0.0 0.0 0.0 0.0
0.0 0.0 0.0 0.0 0.0 0.0
0.0 0.0 0.0 0.0 0.0 0.0
11.472633424638289 13.246809041000317 14.305592744156906 12.932682009414712 21.954888145108871 13.09140858426839
0.0 0.0 0.0 0.0 0.0 0.0
0.0 0.0 0.0 0.0 0.0 0.0
13.665305079658888 15.110733598055873 15.735396431228079 15.231218846984619 15.059808145899911 15.281800639184778
0.0 0.0 0.0 0.0 0.0 0.0
0.0 0.0 0.0 0.0 0.0 0.0
0.0 0.0 0.0 0.0 0.0 0.0
0.0 0.0 0.0 0.0 0.0 0.0
0.0 0.0 0.0 0.0 0.0 0.0
10.825653787720785 13.390930869354413 11.3280397893024 13.170874473087972 22.111606819333993 13.129776766131489
0.0 0.0 0.0 0.0 0.0 0.0
13.687921154329743 12.325866862975792 15.08438384674654 12.789084812590772 23.055517568150563 12.441963963263429
14.486765523515531 14.203303892710755 15.110269141275765 14.113926690837559 15.263273804172753 15.296652957621607
14.446782567930613 14.838758231548006 15.545086103717811 16.671756732996087 14.176113977857295 15.803784075084234
14.357847150594628 14.813160639729716 14.874495638595103 15.598420855777048 15.932640705547071 15.095597259513232
14.217960200051253 15.208436694127206 14.037601974987208 16.120054571009575 22.736071916373156 15.498678059489588
14.706384347164525 14.32412969559598 14.237132554045154 11.511324272686183 12.018630302484306 12.417100875006671
12.769660285654949 12.144163727020803 15.458383390414866 14.947696413024945 23.795995948602052 13.268543011923192
11.838696449010307 14.751442918745244 13.645695282338652 13.103534887106786 11.941574341475354 12.237402461721588
12.69300780339703 12.52157980377066 12.034899976909822 11.915696693706376 22.571859707501023 15.040875525264191
13.717784200765518 14.776494160949333 13.42217963549685 13.983645798749075 25.176459803934108 12.760561493470934
0.0 0.0 0.0 0.0 0.0 0.0
0.0 0.0 0.0 0.0 0.0 0.0
0.0 0.0 0.0 0.0 0.0 0.0
0.0 0.0 0.0 0.0 0.0 0.0
0.0 0.0 0.0 0.0 0.0 0.0
0.0 0.0 0.0 0.0 0.0 0.0
0.0 0.0 0.0 0.0 0.0 0.0
11.580206918346843 13.451637487606241 12.190971201003226 12.471079407110777 20.759819288607325 12.394107484842314
14.380406094954113 15.793452931273105 14.114977211060713 15.018943545752872 15.235351683764399 15.916937309823133
0.0 0.0 0.0 0.0 0.0 0.0
0.0 0.0 0.0 0.0 0.0 0.0
0.0 0.0 0.0 0.0 0.0 0.0
0.0 0.0 0.0 0.0 0.0 0.0
0.0 0.0 0.0 0.0 0.0 0.0
0.0 0.0 0.0 0.0 0.0 0.0
0.0 0.0 0.0 0.0 0.0 0.0
13.400640551204903 12.843824562359469 13.050263494331661 12.102326542488257 23.882657199945324 12.44754587745593
14.218217495169402 16.227204128096687 15.424871485670355 17.569387464592197 0.0 0.0
