5.3805322017241828 6.4955851859185261 4.7420418000554081 3.4736111180599787 5.7513118449021343 5.2865837054481482
5.179710453782076 5.7384430728393694 4.3718791121646117 3.3942110949951867 3.8232991338683515 4.9265137524288409
4.1145874127685671 4.8173224078034247 4.4723232116110498 3.2860118933174425 4.6844335120682707 4.7371703947296711
5.0698422006287895 5.9077533832197915 4.5642507641121899 2.9237352571811086 4.670901450184096 4.7191498663175064
4.7200811801544642 5.5166777906695907 3.9073413878862127 3.6075540767038548 4.8910667467583693 4.7839934332586393
4.9284013043583776 6.1885421909484366 3.5441685816853128 3.0771551203230461 5.0729089823800724 5.7026036126110871
5.4797929820425004 6.8474184010516943 3.7818201560558418 2.3383219628482315 5.7714951675595216 5.5609243052523443
4.3730752455943964 6.1743808483969351 3.6534611923057372 2.6860561481011223 5.0483105967518931 4.5754085067857551
4.920185017676018 6.124394942963626 4.7295175208370077 2.4870751879245239 4.5402668145329237 5.0093065411253042
0.0 0.0 0.0 0.0 0.0 0.0
0.0 0.0 0.0 0.0 0.0 0.0
0.0 0.0 0.0 0.0 0.0 0.0
4.835708257499495 6.5431005053506377 5.232789947709569 3.2542640131225289 4.7932170236193485 4.5053441630404452
0.0 0.0 0.0 0.0 0.0 0.0
4.897769484477883 6.4770559327402841 4.5172422626206519 2.8574046889724429 5.6426017180315533 4.8262763950893897
0.0 0.0 0.0 0.0 0.0 0.0
0.0 0.0 0.0 0.0 0.0 0.0
0.0 0.0 0.0 0.0 0.0 0.0
0.0 0.0 0.0 0.0 0.0 0.0
0.0 0.0 0.0 0.0 0.0 0.0
0.0 0.0 0.0 0.0 0.0 0.0
4.6536219643160042 5.8885215331120779 4.1703378815852918 3.3697932298463056 4.2175619684476446 4.2737173842586023
0.0 0.0 0.0 0.0 0.0 0.0
5.3844381536282651 6.4867280348979319 4.5076820926295857 2.99178986572295 5.1464512908311306 4.8432255465382301
0.0 0.0 0.0 0.0 0.0 0.0
0.0 0.0 0.0 0.0 0.0 0.0
0.0 0.0 0.0 0.0 0.0 0.0
3.3793848133684667 6.2438949231644525 3.2382988351671127 2.6456042879353721 6.8812320788123138 5.7088193207780122
5.2358605058053413 7.0657923800908522 3.681630521478898 2.8153844597338935 5.2681961131157529 5.3315129350370158
4.9481486364774643 6.8155257666565321 4.3274370991344124 3.4654924099791162 6.8593854223579935 5.7604758821891746
4.4878601457911529 5.4634128277006928 5.7105653103994651 3.339964720748728 5.6931180473426775 5.1665235376519894
5.347331580785867 6.6687010345863422 4.6086112012867035 3.3597290936708699 7.1380376004856991 6.3690088496260078
5.1670746522874138 6.3488828666568882 4.7873095916116419 3.005708991422011 6.9439294933678477 5.6807467053486436
4.4219767803034049 7.6324358165984378 4.7321266384141918 3.120421385307131 6.3194055995830647 5.8119311660373949
5.0875291691015176 4.6826498192744559 6.2473671866899725 2.946521852738976 5.0365180947125463 4.7735486728718302
4.107434891435175 5.5682845427986916 5.6186630643872011 3.4897454340221721 6.0924543096296766 5.553361108409506
0.0 0.0 0.0 0.0 0.0 0.0
0.0 0.0 0.0 0.0 0.0 0.0
5.0343242501348913 6.6080916379868011 4.1519405791730879 2.7348001207354633 6.8539852259089367 5.2288985304606417
0.0 0.0 0.0 0.0 0.0 0.0
0.0 0.0 0.0 0.0 0.0 0.0
0.0 0.0 0.0 0.0 0.0 0.0
5.3799802744956873 6.795072605550585 4.9853806826229583 2.8536221129376851 6.5227441950835656 5.4466391198618069
0.0 0.0 0.0 0.0 0.0 0.0
0.0 0.0 0.0 0.0 0.0 0.0
0.0 0.0 0.0 0.0 0.0 0.0
0.0 0.0 0.0 0.0 0.0 0.0
5.5866775037265537 5.811145014367745 4.1731314180812555 2.8226918346925967 6.7209233636705132 5.1799733391975984
0.0 0.0 0.0 0.0 0.0 0.0
0.0 0.0 0.0 0.0 0.0 0.0
0.0 0.0 0.0 0.0 0.0 0.0
4.4670438148034979 6.606680348852235 4.5107093643600074 2.4125427666963208 6.5107063932221179 5.633662980534222
0.0 0.0 0.0 0.0 0.0 0.0
0.0 0.0 0.0 0.0 0.0 0.0
5.3300906848048024 5.4994642432849341 3.3138749493206281 3.4947586530973731 2.9082527034369927 4.0521314187599522
4.8443026494326729 5.0495820857719114 3.9725786287918767 2.6843336166835012 3.541668085865382 4.1549112762318217
4.5252580788242955 6.2257210049365526 3.0951447739302407 2.7571946120173831 3.456835244078774 3.3369674987843436
4.6706538597390796 5.4429198946099833 3.3011933019397581 2.8819095924470499 4.3891467663282331 3.2149783080671517
4.9571106022262219 5.0084727443439476 5.4718887267147363 3.2790794778042147 3.9824400423335899 4.0580355997610162
4.7988228829790724 5.1004667326491067 4.8595736093813873 3.6706082526478951 3.9630424460842137 4.0492838862232334
5.035598438230986 6.4492329561592117 4.5875173069860624 3.8940810331646265 3.7286622431176952 4.8168772616817686
4.8396454638412774 5.6021476513951747 3.8465601777791276 3.2691301586522128 5.5601911072636119 4.0305516634798524
4.2450548601712859 5.6116861358440691 4.7538024269694974 3.0600643974807755 5.3034476479475785 4.0953454815140118
0.0 0.0 0.0 0.0 0.0 0.0
4.8388739210551561 5.5288321541005701 4.8329428136463477 3.8420467800602802 3.6775757996452838 3.4694294705276776
0.0 0.0 0.0 0.0 0.0 0.0
0.0 0.0 0.0 0.0 0.0 0.0
0.0 0.0 0.0 0.0 0.0 0.0
0.0 0.0 0.0 0.0 0.0 0.0
0.0 0.0 0.0 0.0 0.0 0.0
3.9814694420721035 5.8932365419384478 4.9741698417970479 3.6558402572620694 4.5938409609090778 4.18429503284493
0.0 0.0 0.0 0.0 0.0 0.0
0.0 0.0 0.0 0.0 0.0 0.0
5.6612666655981849 5.758080298136397 4.2522561592679766 3.0982170626032852 4.4868450255622854 3.7187801754596443
0.0 0.0 0.0 0.0 0.0 0.0
0.0 0.0 0.0 0.0 0.0 0.0
0.0 0.0 0.0 0.0 0.0 0.0
0.0 0.0 0.0 0.0 0.0 0.0
0.0 0.0 0.0 0.0 0.0 0.0
4.7560609521405066 5.662983418442364 4.2573838496433112 3.3874504340830573 4.3840158779551546 4.0700054208586609
0.0 0.0 0.0 0.0 0.0 0.0
5.1602363721240101 4.865202479202221 4.1193468359350831 3.5773900503203047 3.5863474812801206 3.6256964906630564
4.6358731411184424 3.9242770565502143 3.7495773013163944 3.5253882215258856 3.0817759036371317 3.137690436393088
4.7596635172567652 4.649349581726324 3.5964150787261873 3.6576398662237 2.8918248038857555 2.6094185823635425
4.5206203599159132 4.6531542229011418 3.3486827132386421 3.0398877454605304 3.1781461340433874 3.4030935976575289
4.9442629234746196 4.9800534159440017 3.9388618588153803 3.7925434889050895 3.5262693576716608 3.0409527880653719
5.0520414422869369 4.1936037922495348 4.2687567868761214 3.8674903980052213 3.4216147921117184 3.0470688673907955
5.1888906304681166 4.3280917518648971 3.8139071385954093 3.7148696251266773 3.3386333861959305 3.5531394462226173
5.2195966608809918 3.9970026822584956 3.8140580998508504 3.6510389670443923 2.9185282220968833 2.8915483571040248
4.368006344137199 5.5124444911237829 4.153010381530617 2.9105781799831538 3.1545950433686176 2.8827509182046684
5.0423878102733219 3.8906781564113828 2.8176071768024844 3.459097638890662 2.9702822419580106 3.6756907966500312
0.0 0.0 0.0 0.0 0.0 0.0
0.0 0.0 0.0 0.0 0.0 0.0
0.0 0.0 0.0 0.0 0.0 0.0
0.0 0.0 0.0 0.0 0.0 0.0
0.0 0.0 0.0 0.0 0.0 0.0
0.0 0.0 0.0 0.0 0.0 0.0
0.0 0.0 0.0 0.0 0.0 0.0
4.0077475899558319 4.1204771089619827 4.4340020854925566 2.9878107718524984 3.3413422908007986 3.4628914155774471
4.9471599150571048 5.8826154040870904 3.5053741298829082 3.5061177307779157 3.1118883421319419 3.4434459591615654
0.0 0.0 0.0 0.0 0.0 0.0
0.0 0.0 0.0 0.0 0.0 0.0
0.0 0.0 0.0 0.0 0.0 0.0
0.0 0.0 0.0 0.0 0.0 0.0
0.0 0.0 0.0 0.0 0.0 0.0
0.0 0.0 0.0 0.0 0.0 0.0
0.0 0.0 0.0 0.0 0.0 0.0
4.446249453642718 4.2559880238944086 3.0801699953781294 2.9004225715640466 3.4774232460868291 2.7512692858681165
5.2332162596482572 6.7206846943854091 4.9627602765512693 4.1953459823543264 0.0 0.0
