0 (3, 0, -4) 0.00109637181658 0.26373401736 0.724492319967 0.000118179825497 0.0010304321167 0.00952867891362
1 (3, 0, -3) 0.0160145488752 0.0348691470931 0.460568567419 0.00963627399397 0.0468039196502 0.432107542969
2 (3, 0, -2) 0.00417146017052 0.536801988379 0.410901327073 0.00648120986274 0.014132367195 0.0275116473194
3 (3, 0, -1) 0.0038973460199 0.012026659475 0.918019944658 0.0215995770765 0.0284040858746 0.016052386896
4 (3, 0, 0) 0.0432765523254 0.489244959741 0.407324185299 0.002536734737 0.0216255483928 0.0359920195047
5 (3, 0, 1) 0.0082480882797 0.0161207323399 0.91398089166 0.00140844136211 0.0497061128794 0.0105357334784
6 (3, 0, 2) 0.142585317737 0.189123636248 0.625519661402 0.00560066679391 0.0166283868397 0.020542330979
7 (3, 0, 3) 0.0138532837794 0.490223430775 0.419361950598 0.00505976012439 0.0314391957291 0.0400623789938
8 (3, 0, 4) 0.0064504888862 0.444659968741 0.522587500427 0.00299511987138 0.0154002037999 0.00790671827496
9 (3, 1, -4) 0.166666666667 0.166666666667 0.166666666667 0.166666666667 0.166666666667 0.166666666667
10 (3, 1, -3) 0.166666666667 0.166666666667 0.166666666667 0.166666666667 0.166666666667 0.166666666667
11 (3, 1, -2) 0.166666666667 0.166666666667 0.166666666667 0.166666666667 0.166666666667 0.166666666667
12 (3, 1, -1) 0.0170657764062 6.17117870464e-05 0.095338335899 0.0017394732667 0.885333338129 0.000461364511964
13 (3, 1, 0) 0.166666666667 0.166666666667 0.166666666667 0.166666666667 0.166666666667 0.166666666667
14 (3, 1, 1) 0.0509979526106 0.0958814101615 0.644470603596 0.00509044732405 0.0813788104582 0.12218077585
15 (3, 1, 2) 0.166666666667 0.166666666667 0.166666666667 0.166666666667 0.166666666667 0.166666666667
16 (3, 1, 3) 0.166666666667 0.166666666667 0.166666666667 0.166666666667 0.166666666667 0.166666666667
17 (3, 1, 4) 0.166666666667 0.166666666667 0.166666666667 0.166666666667 0.166666666667 0.166666666667
18 (3, 2, -4) 0.166666666667 0.166666666667 0.166666666667 0.166666666667 0.166666666667 0.166666666667
19 (3, 2, -3) 0.166666666667 0.166666666667 0.166666666667 0.166666666667 0.166666666667 0.166666666667
20 (3, 2, -2) 0.166666666667 0.166666666667 0.166666666667 0.166666666667 0.166666666667 0.166666666667
21 (3, 2, -1) 0.0099519109891 0.0634303624934 0.304295503336 0.000230923135161 0.0484292993324 0.573662000714
22 (3, 2, 0) 0.166666666667 0.166666666667 0.166666666667 0.166666666667 0.166666666667 0.166666666667
23 (3, 2, 1) 0.00319974866045 0.043246542095 0.733991100375 1.66084020333e-05 0.00812910440204 0.211416896065
24 (3, 2, 2) 0.166666666667 0.166666666667 0.166666666667 0.166666666667 0.166666666667 0.166666666667
25 (3, 2, 3) 0.166666666667 0.166666666667 0.166666666667 0.166666666667 0.166666666667 0.166666666667
26 (3, 2, 4) 0.166666666667 0.166666666667 0.166666666667 0.166666666667 0.166666666667 0.166666666667
27 (5, 0, -4) 0.00721885111817 0.292580426629 0.00293801511227 0.00339860072657 0.0559506562621 0.637913450151
28 (5, 0, -3) 7.94063351095e-05 0.969172572843 0.00361169353541 4.79309934042e-06 0.0126657231117 0.0144658110758
29 (5, 0, -2) 0.000792964769406 0.235780781233 0.0777516624016 7.67523168936e-05 0.162892046879 0.522705792401
30 (5, 0, -1) 0.0128486459975 0.0955142194502 0.17915471153 0.295588333937 0.00124264690337 0.415651442183
31 (5, 0, 0) 0.000239788208826 0.759126771019 0.00968102691739 5.46835084216e-05 0.0982888892729 0.132608841073
32 (5, 0, 1) 2.21588624731e-05 1.95642333104e-05 0.00236226795137 2.90148894016e-06 0.470683605615 0.526909501849
33 (5, 0, 2) 7.41683386212e-05 0.178014493979 0.0593857332582 7.0708636652e-08 0.754169074119 0.00835645959625
34 (5, 0, 3) 4.29833080394e-05 0.580735982339 0.328516997853 6.06563578112e-06 0.0311969564976 0.0595010143662
35 (5, 0, 4) 0.000240824136781 0.851163729942 0.0869090507172 0.000120018066616 0.0420616917684 0.0195046853687
36 (5, 1, -4) 0.166666666667 0.166666666667 0.166666666667 0.166666666667 0.166666666667 0.166666666667
37 (5, 1, -3) 0.166666666667 0.166666666667 0.166666666667 0.166666666667 0.166666666667 0.166666666667
38 (5, 1, -2) 0.00377877131542 0.71911159352 0.108114233243 0.000449397756889 0.0194553853958 0.149090618768
39 (5, 1, -1) 0.166666666667 0.166666666667 0.166666666667 0.166666666667 0.166666666667 0.166666666667
40 (5, 1, 0) 0.166666666667 0.166666666667 0.166666666667 0.166666666667 0.166666666667 0.166666666667
41 (5, 1, 1) 0.166666666667 0.166666666667 0.166666666667 0.166666666667 0.166666666667 0.166666666667
42 (5, 1, 2) 6.64867621421e-06 0.893510099181 0.000177969487029 1.15474730378e-07 0.106109664553 0.000195502628414
43 (5, 1, 3) 0.166666666667 0.166666666667 0.166666666667 0.166666666667 0.166666666667 0.166666666667
44 (5, 1, 4) 0.166666666667 0.166666666667 0.166666666667 0.166666666667 0.166666666667 0.166666666667
45 (5, 2, -4) 0.166666666667 0.166666666667 0.166666666667 0.166666666667 0.166666666667 0.166666666667
46 (5, 2, -3) 0.166666666667 0.166666666667 0.166666666667 0.166666666667 0.166666666667 0.166666666667
47 (5, 2, -2) 0.0106680878295 0.29392651678 0.10435335826 0.000844966517747 0.128001657567 0.462205413045
48 (5, 2, -1) 0.166666666667 0.166666666667 0.166666666667 0.166666666667 0.166666666667 0.166666666667
49 (5, 2, 0) 0.166666666667 0.166666666667 0.166666666667 0.166666666667 0.166666666667 0.166666666667
50 (5, 2, 1) 0.166666666667 0.166666666667 0.166666666667 0.166666666667 0.166666666667 0.166666666667
51 (5, 2, 2) 4.16700376895e-05 0.805749225962 0.00566575606536 1.04362201687e-06 0.110255449655 0.0782868546581
52 (5, 2, 3) 0.166666666667 0.166666666667 0.166666666667 0.166666666667 0.166666666667 0.166666666667
53 (5, 2, 4) 0.166666666667 0.166666666667 0.166666666667 0.166666666667 0.166666666667 0.166666666667
54 (7, 0, -4) 0.00012861720071 0.996225342001 0.000774930762975 3.59503686776e-05 0.00225331175395 0.000581847912459
55 (7, 0, -3) 0.0185366583199 0.191687366275 0.648637369846 0.00348640595723 0.124125077848 0.013527121754
56 (7, 0, -2) 0.025736647281 0.877656298928 0.0558931624937 0.00228997726071 0.0377552673402 0.00066864669639
57 (7, 0, -1) 0.00400992096054 0.00392227229909 0.0140834147054 0.000446542471517 0.00107842338123 0.976459426182
58 (7, 0, 0) 0.0017121613854 0.757276068628 0.0436359238828 0.000321349320782 0.0293114491684 0.167743047614
59 (7, 0, 1) 4.58142320909e-05 0.949229582481 0.00249347408066 5.47927388686e-05 0.00383738640083 0.0443389500663
60 (7, 0, 2) 3.72729503535e-05 0.998688019797 0.00101257419768 1.06070414207e-06 5.21490279042e-05 0.00020892332264
61 (7, 0, 3) 0.000751209925811 0.666453514747 0.324892646096 2.71392203536e-05 0.00465960258057 0.00321588743059
62 (7, 0, 4) 0.0110917141249 0.332562001425 0.287271442439 0.00066760888719 0.302209793747 0.0661974393763
63 (7, 1, -4) 0.166666666667 0.166666666667 0.166666666667 0.166666666667 0.166666666667 0.166666666667
64 (7, 1, -3) 0.00814633996626 0.647655254161 0.0985625227387 0.000694789778792 0.119382141159 0.125558952196
65 (7, 1, -2) 0.166666666667 0.166666666667 0.166666666667 0.166666666667 0.166666666667 0.166666666667
66 (7, 1, -1) 0.166666666667 0.166666666667 0.166666666667 0.166666666667 0.166666666667 0.166666666667
67 (7, 1, 0) 0.166666666667 0.166666666667 0.166666666667 0.166666666667 0.166666666667 0.166666666667
68 (7, 1, 1) 0.166666666667 0.166666666667 0.166666666667 0.166666666667 0.166666666667 0.166666666667
69 (7, 1, 2) 0.166666666667 0.166666666667 0.166666666667 0.166666666667 0.166666666667 0.166666666667
70 (7, 1, 3) 0.000824154627211 0.00220170087075 0.873784235421 0.000243942911189 0.112840335037 0.0101056311334
71 (7, 1, 4) 0.166666666667 0.166666666667 0.166666666667 0.166666666667 0.166666666667 0.166666666667
72 (7, 2, -4) 0.166666666667 0.166666666667 0.166666666667 0.166666666667 0.166666666667 0.166666666667
73 (7, 2, -3) 0.000646837594502 0.899830049046 0.0242488866045 0.00167449592775 0.0312117297391 0.0423880010884
74 (7, 2, -2) 0.166666666667 0.166666666667 0.166666666667 0.166666666667 0.166666666667 0.166666666667
75 (7, 2, -1) 0.166666666667 0.166666666667 0.166666666667 0.166666666667 0.166666666667 0.166666666667
76 (7, 2, 0) 0.166666666667 0.166666666667 0.166666666667 0.166666666667 0.166666666667 0.166666666667
77 (7, 2, 1) 0.166666666667 0.166666666667 0.166666666667 0.166666666667 0.166666666667 0.166666666667
78 (7, 2, 2) 0.166666666667 0.166666666667 0.166666666667 0.166666666667 0.166666666667 0.166666666667
79 (7, 2, 3) 0.00170605602737 0.0902897444552 0.707082925667 0.00047114769016 0.140753678534 0.0596964476258
80 (7, 2, 4) 0.166666666667 0.166666666667 0.166666666667 0.166666666667 0.166666666667 0.166666666667
81 (9, 0, -4) 0.0544696631442 0.852581666711 0.0351997914952 0.0206954324518 0.0355640205332 0.0014894256642
82 (9, 0, -3) 0.14325138695 0.699723549793 0.137320446348 0.0084976406089 0.00676307265486 0.00444390364552
83 (9, 0, -2) 0.279596827278 0.326243069557 0.366637021 0.00603824500366 0.00892712282832 0.012557714332
84 (9, 0, -1) 0.0105932467783 0.111191105456 0.75263393039 0.00947125286126 0.0300182609053 0.0860922036084
85 (9, 0, 0) 0.0309612219571 0.846950337672 0.111575840297 0.00407104366373 0.00323288853328 0.0032086678773
86 (9, 0, 1) 0.00298035220915 0.977406429183 0.0135017199833 0.00176662876888 0.000697449393611 0.00364742046204
87 (9, 0, 2) 0.00599707164664 0.791623176647 0.196587219915 0.00309949047795 0.000706782781294 0.00198625853234
88 (9, 0, 3) 0.0402466437673 0.877246022862 0.0776170977408 0.000610408234792 0.00076941375588 0.00351041363907
89 (9, 0, 4) 0.0303156551491 0.595929847607 0.33931232436 0.00257667456124 0.0186728410601 0.0131926572623
90 (9, 1, -4) 0.0425416254271 0.851140692791 0.0898529844133 0.00521540375592 0.00102101378071 0.0102282798323
91 (9, 1, -3) 0.166666666667 0.166666666667 0.166666666667 0.166666666667 0.166666666667 0.166666666667
92 (9, 1, -2) 0.166666666667 0.166666666667 0.166666666667 0.166666666667 0.166666666667 0.166666666667
93 (9, 1, -1) 0.166666666667 0.166666666667 0.166666666667 0.166666666667 0.166666666667 0.166666666667
94 (9, 1, 0) 0.166666666667 0.166666666667 0.166666666667 0.166666666667 0.166666666667 0.166666666667
95 (9, 1, 1) 0.166666666667 0.166666666667 0.166666666667 0.166666666667 0.166666666667 0.166666666667
96 (9, 1, 2) 0.166666666667 0.166666666667 0.166666666667 0.166666666667 0.166666666667 0.166666666667
97 (9, 1, 3) 0.166666666667 0.166666666667 0.166666666667 0.166666666667 0.166666666667 0.166666666667
98 (9, 1, 4) 0.0235393800425 0.94847346144 0.0186268680947 0.00454369468625 0.00419596624081 0.000620629495639
99 (9, 2, -4) 0.014039096535 0.884808746607 0.092841421671 0.00182347805612 0.00126297263468 0.00522428449624
100 (9, 2, -3) 0.166666666667 0.166666666667 0.166666666667 0.166666666667 0.166666666667 0.166666666667
101 (9, 2, -2) 0.166666666667 0.166666666667 0.166666666667 0.166666666667 0.166666666667 0.166666666667
102 (9, 2, -1) 0.166666666667 0.166666666667 0.166666666667 0.166666666667 0.166666666667 0.166666666667
103 (9, 2, 0) 0.166666666667 0.166666666667 0.166666666667 0.166666666667 0.166666666667 0.166666666667
104 (9, 2, 1) 0.166666666667 0.166666666667 0.166666666667 0.166666666667 0.166666666667 0.166666666667
105 (9, 2, 2) 0.166666666667 0.166666666667 0.166666666667 0.166666666667 0.166666666667 0.166666666667
106 (9, 2, 3) 0.166666666667 0.166666666667 0.166666666667 0.166666666667 0.166666666667 0.166666666667
107 (9, 2, 4) 0.0108169020935 0.970574565336 0.00326181458389 0.00249703850628 0.00395053460494 0.00889914487577
108 (0, 0, 0) 4.8132207675e-05 0.993992212006 0.00595899200002 6.63786039805e-07 5.63376912988e-18 5.63376912988e-18
