12.520404099852453 15.261871452638124 15.767136490627101 11.406626975177051 12.489390032525378 13.601553952050825
12.965331862932503 13.354384256430126 14.644813927230992 12.711350315424129 13.501566532357442 14.612920305705181
12.020136722733413 14.448818299968281 14.315180207854596 12.240457255150197 12.630237511268783 12.963308382021591
2.1708704335760935 2.734285430969285 4.9018320849882393 3.0270593940453496 3.1639890285142913 2.8786513040822834
13.56720718715602 14.779833353460864 14.688206397586368 12.14884056005736 13.220339407205214 13.475050318083895
12.482671870041294 12.817734228411252 14.83658597760825 11.598922983141723 13.380745105680699 12.605067479053428
13.752151940580703 13.893382150442287 14.491473051079376 12.133624500321787 12.677737312560987 12.783425511283955
13.232769260874257 15.01593874479209 14.937875306083068 12.729167648580496 13.642535803665847 13.763726967737055
12.366508178222221 14.483085153545289 14.563826433474555 11.982922343398517 12.801620587644235 12.468286622412835
0.0 0.0 0.0 0.0 0.0 0.0
0.0 0.0 0.0 0.0 0.0 0.0
0.0 0.0 0.0 0.0 0.0 0.0
4.4539343745971092 1.6427566712946384 5.3141128330587177 3.3121880089931648 6.4283789491110079 2.6486134104287014
0.0 0.0 0.0 0.0 0.0 0.0
13.548298906292404 13.863962221290443 14.816620767859167 12.396089017587308 13.78196362544786 13.98515702140566
0.0 0.0 0.0 0.0 0.0 0.0
0.0 0.0 0.0 0.0 0.0 0.0
0.0 0.0 0.0 0.0 0.0 0.0
0.0 0.0 0.0 0.0 0.0 0.0
0.0 0.0 0.0 0.0 0.0 0.0
0.0 0.0 0.0 0.0 0.0 0.0
4.6630333680847773 5.5891223973605459 6.3731507119757724 2.781315886089426 5.4542035664539403 6.6901712590916755
0.0 0.0 0.0 0.0 0.0 0.0
13.621892889713754 14.923815397467623 16.339605210013193 10.991433475614475 14.088082137077578 15.717272755589855
0.0 0.0 0.0 0.0 0.0 0.0
0.0 0.0 0.0 0.0 0.0 0.0
0.0 0.0 0.0 0.0 0.0 0.0
13.446404073148798 15.297425961336792 12.996923276213169 13.06973806343189 14.470291247544489 15.687157473516818
13.751991502696319 18.456801410906809 15.660668458877025 12.348291049579322 16.288029754567656 16.354474070247978
12.917669004142601 15.765108486926907 15.210417212900129 11.750071394083017 15.58020109295348 16.163166630473889
3.4748618854051228 4.477880233016359 4.7923675388125027 5.0427265287252068 2.3068645194778545 5.213166182269541
14.664012878254695 18.694096876081055 16.513096473570922 13.924915929290833 17.67196797848888 17.821714357630441
12.420056382866608 12.357789152857805 14.754626335257489 11.403549635245271 17.401908317301054 17.458329663572655
13.506948964438019 17.398590412896009 16.849684934324962 10.029186509298405 18.120466215535416 15.869175348047142
13.142531696655489 17.898151525641779 17.613297698761603 12.163445451448224 16.43616367949852 16.759000088834991
12.903934797143938 16.989081218118997 15.848210053426202 12.555722468331616 15.485347660632208 15.101106320543446
0.0 0.0 0.0 0.0 0.0 0.0
0.0 0.0 0.0 0.0 0.0 0.0
13.502554489977765 16.126863312118783 15.17944922767397 12.437931580702335 14.321916993919372 15.340132186363558
0.0 0.0 0.0 0.0 0.0 0.0
0.0 0.0 0.0 0.0 0.0 0.0
0.0 0.0 0.0 0.0 0.0 0.0
12.985992095504239 18.890239669075527 14.629589268052218 10.959431432063774 17.824897415619539 14.676570122798115
0.0 0.0 0.0 0.0 0.0 0.0
0.0 0.0 0.0 0.0 0.0 0.0
0.0 0.0 0.0 0.0 0.0 0.0
0.0 0.0 0.0 0.0 0.0 0.0
13.850084453488378 15.50812093043869 14.990347441681962 12.582226895662748 15.092477640639986 15.734460738476898
0.0 0.0 0.0 0.0 0.0 0.0
0.0 0.0 0.0 0.0 0.0 0.0
0.0 0.0 0.0 0.0 0.0 0.0
12.654995888165445 17.589868632727914 15.11120252676557 10.811453398760909 16.595382324244827 16.424172204995877
0.0 0.0 0.0 0.0 0.0 0.0
0.0 0.0 0.0 0.0 0.0 0.0
13.108704565863187 17.586148666629704 14.006671131279692 12.471353957347258 14.540362439483514 13.863388835038437
13.439208329759456 14.607266050764675 15.216770082826624 12.603768875592788 14.389978053405047 13.281681523077555
13.792588784691672 15.557258343439457 14.180351842447219 12.582901758329452 13.984193313557402 11.967381081785515
6.1535460131068982 6.142495824835831 6.7816591693469821 5.0560498667337352 5.4969103190133621 8.901126847440942
13.663698658511851 16.709684325639415 15.282760764969964 12.827207127882751 15.083809486434934 15.956037053321939
12.695327639198727 17.66473322998095 14.693746360687744 12.784809086990638 14.909303640136251 16.132839647470888
13.957908789341353 19.055873711533867 15.608900392331773 12.178241339631601 14.125827623799964 14.819758507016338
13.977042349054079 17.371062613940595 17.011824822033738 12.316689742092482 14.889542498686444 14.704129091895073
13.257969524458117 14.958283503872753 14.885084127916276 11.852843959723534 14.910431076029845 14.15119123833049
0.0 0.0 0.0 0.0 0.0 0.0
13.143209803939266 15.33110470249343 14.389770980407221 11.912352454828584 14.485590241813631 14.510813126140615
0.0 0.0 0.0 0.0 0.0 0.0
0.0 0.0 0.0 0.0 0.0 0.0
0.0 0.0 0.0 0.0 0.0 0.0
0.0 0.0 0.0 0.0 0.0 0.0
0.0 0.0 0.0 0.0 0.0 0.0
13.519007742646835 14.010321391157282 17.00212303626957 12.910295772993811 15.978693226425898 14.77225270201286
0.0 0.0 0.0 0.0 0.0 0.0
0.0 0.0 0.0 0.0 0.0 0.0
12.332609841726599 15.951542811838667 14.144625207845346 12.808195946952273 14.270836844959256 14.42387252078418
0.0 0.0 0.0 0.0 0.0 0.0
0.0 0.0 0.0 0.0 0.0 0.0
0.0 0.0 0.0 0.0 0.0 0.0
0.0 0.0 0.0 0.0 0.0 0.0
0.0 0.0 0.0 0.0 0.0 0.0
13.398207800148521 15.382627596223701 16.411689630866256 12.754823821750225 15.604621356155715 15.175751912635993
0.0 0.0 0.0 0.0 0.0 0.0
13.042113068730524 14.417425615813571 12.82381119474249 12.558247625875454 12.828958348973844 11.242486407852923
13.657291252044082 14.450333397344378 13.636149342761298 12.244885008029714 12.130729394022808 11.920757328066781
13.325491543498813 13.402638569868129 13.46100336954718 11.407873915739227 11.603364287678673 11.773984794302365
1.7641224249638525 2.9396392699697733 3.8958035547978049 1.7081446722933973 2.2849170207747838 2.8117235025662355
12.348390130459801 14.002843401900561 12.98937464289712 11.333972069547379 11.218710382214011 11.214950301795581
12.434934026867877 15.331364565934372 13.190321826356094 12.173449824648197 11.708750623665296 12.535923382116186
12.509564296371632 14.950971396539167 14.25448175081401 12.179547518790176 11.440412700609269 11.957055018055893
13.667957820007674 15.208838252550812 13.996338379460736 11.57363085800022 11.689381307088697 12.448311450357366
12.465753178595152 13.954982530649119 13.673381550274486 11.233170872157812 12.223456112483763 12.049751256663898
13.213158770435669 14.711205981892167 13.587004675316152 12.16372551496964 11.348315279403925 12.500495469468307
0.0 0.0 0.0 0.0 0.0 0.0
0.0 0.0 0.0 0.0 0.0 0.0
0.0 0.0 0.0 0.0 0.0 0.0
0.0 0.0 0.0 0.0 0.0 0.0
0.0 0.0 0.0 0.0 0.0 0.0
0.0 0.0 0.0 0.0 0.0 0.0
0.0 0.0 0.0 0.0 0.0 0.0
13.133499443268216 14.981588965436515 13.016464590508399 12.311032305014686 12.271223883165195 11.315651560456725
13.106158840559477 15.177921575038344 14.050682264185621 12.08560866560615 11.901969905080872 12.611894741953337
0.0 0.0 0.0 0.0 0.0 0.0
0.0 0.0 0.0 0.0 0.0 0.0
0.0 0.0 0.0 0.0 0.0 0.0
0.0 0.0 0.0 0.0 0.0 0.0
0.0 0.0 0.0 0.0 0.0 0.0
0.0 0.0 0.0 0.0 0.0 0.0
0.0 0.0 0.0 0.0 0.0 0.0
12.307551504153764 14.555940660199532 11.70813837510601 11.574549260530977 11.803922000821835 12.209974139806677
14.888096988293999 19.855863537964762 17.297449521784088 12.746223507341286 0.0 0.0
