5.7683019583326232 5.7819691658666637 6.0963705804816879 4.4434890391622206 4.974741358489486 4.8520655917245357
5.980539799196487 7.3345193440342307 6.3334411292632398 4.6804195021015742 5.4377656755096497 5.1243789929196373
5.4413710070778176 6.726389868083797 5.7775394393457367 4.4123789009620165 5.2179596411514062 4.8966218227681377
2.3064079738769201 5.7418486691325024 5.5804412854418244 5.195187699309276 4.4601769031820098 4.9267771547327399
5.3399273511081802 7.1225375726695539 6.1109725113265085 5.1967862239148603 5.4880573020264363 5.0351514156475474
6.3333440618575549 7.0446681352499869 6.8583462194424341 4.2269548044730447 5.865234032581558 5.4881116872267306
6.2705106872878149 6.6805507404691138 4.9030804468774143 5.0345664883000723 5.7667168063593719 5.330465745861054
5.9357373667889268 6.6479349695819092 6.3518416988232547 3.2911936165067153 4.9541771171592348 4.9584137475567021
5.2533410107217877 6.8368017844059112 5.7029397947911109 4.7261453540877341 4.9617410885937634 5.6423355002602236
0.0 0.0 0.0 0.0 0.0 0.0
0.0 0.0 0.0 0.0 0.0 0.0
0.0 0.0 0.0 0.0 0.0 0.0
3.8597157197400853 5.4392232671857679 5.7951379756543764 4.433767386499226 4.1808710480940885 3.6967647582382082
0.0 0.0 0.0 0.0 0.0 0.0
4.8298494893418553 6.5484227055215358 5.8310431600674795 4.4963392933404922 6.3585414047419926 4.9640892983350229
0.0 0.0 0.0 0.0 0.0 0.0
0.0 0.0 0.0 0.0 0.0 0.0
0.0 0.0 0.0 0.0 0.0 0.0
0.0 0.0 0.0 0.0 0.0 0.0
0.0 0.0 0.0 0.0 0.0 0.0
0.0 0.0 0.0 0.0 0.0 0.0
4.5796655836207636 4.8511316510793572 6.8199720418807708 4.0103112682628828 4.2484330583809484 4.1287067403401583
0.0 0.0 0.0 0.0 0.0 0.0
5.6065351711937419 7.103703897479015 6.522175367490747 4.4483073690947812 4.8856415242413309 4.8662342473207465
0.0 0.0 0.0 0.0 0.0 0.0
0.0 0.0 0.0 0.0 0.0 0.0
0.0 0.0 0.0 0.0 0.0 0.0
5.1784883103388433 6.5345409693329755 6.4450439392682446 4.0038380953820294 6.1802770331110048 6.8664187608923815
5.7653977942083108 6.0903303873434496 5.1777121167597029 4.1178391362497484 7.4541053104074422 6.4761568341431008
5.309745403304313 6.3658040597892693 6.6522000444112033 4.3417869045094655 5.9300037406446027 6.7819662778319367
5.2322521470246333 5.539867380767082 3.9172333684391329 4.1907953732450087 6.2971343549478531 5.2623114882727391
5.7802299277362703 7.0974974228192442 6.4607235748163836 4.0684098711552998 7.0676109633526085 7.2125729671630294
5.2318290997563599 5.6388619771148978 6.1276069064623329 3.7065322741973645 6.7786323655881739 7.4884387295651811
5.137151058353175 7.2716542614847191 4.8337247198550557 4.7081656394318383 4.8685944640442589 7.8421963533594585
5.2629571356838358 7.3579272504966893 5.6547062990278327 3.5670497373466667 6.9043209739564446 6.4012294779271404
5.538204439932346 6.1223591207553971 7.3647491268055623 4.4473766785026347 5.6618961907294603 6.9474858978432907
0.0 0.0 0.0 0.0 0.0 0.0
0.0 0.0 0.0 0.0 0.0 0.0
5.5287942194353494 5.1692532351965665 6.3132384581693932 4.6425692861267276 6.7419912868353231 6.6516613482481528
0.0 0.0 0.0 0.0 0.0 0.0
0.0 0.0 0.0 0.0 0.0 0.0
0.0 0.0 0.0 0.0 0.0 0.0
4.6669825736695989 7.117042847311847 6.2364850454876155 5.0128231773163519 6.6749925799091629 7.7289139686599135
0.0 0.0 0.0 0.0 0.0 0.0
0.0 0.0 0.0 0.0 0.0 0.0
0.0 0.0 0.0 0.0 0.0 0.0
0.0 0.0 0.0 0.0 0.0 0.0
5.4912262473804772 5.9713265458674059 6.5707244856805653 4.5689376836954398 6.9987516460919768 7.0992721036742363
0.0 0.0 0.0 0.0 0.0 0.0
0.0 0.0 0.0 0.0 0.0 0.0
0.0 0.0 0.0 0.0 0.0 0.0
5.5366673412892231 6.6996019814870902 6.9767150282979893 3.2171668684737318 7.5252312377655688 7.4492009892615449
0.0 0.0 0.0 0.0 0.0 0.0
0.0 0.0 0.0 0.0 0.0 0.0
5.0644183848941466 7.105456742738804 4.3386531579316818 4.5262488748516265 4.6610256534572727 4.5001352753549719
4.7585047686506305 7.1289347449689302 3.9462354382824918 3.7210238633100694 5.2887741084904798 6.2558022878826387
5.5281048513529099 6.5852148346569779 5.3596519850909514 5.387594587668028 6.3639611759789778 5.654997177561178
4.3367006279272138 5.9926456658131695 3.6068979070599161 4.7433202294321939 5.3336174056191616 6.2973879233059558
5.6711424595432662 6.8020783179763988 5.1292574394818855 5.0091383445274769 5.9481284582981759 6.321226969511951
5.2745779779271933 7.1212676397224781 6.2902133131196756 3.985435504627453 6.156332893682519 5.702914211563936
5.1232647514465919 5.2261334187206021 6.779119308982696 3.1847682301135185 5.4201943108503841 5.8622778042581913
4.1894440313306074 6.8624023054724859 7.0775572518647838 3.4465520930998119 6.5879557969484761 7.8566997885889807
5.5050995797742832 6.5602085634695166 5.092109451811786 4.3316947272257273 6.3013569002693117 6.0761261965458218
0.0 0.0 0.0 0.0 0.0 0.0
5.1238748761855666 7.2660297418438029 4.8836197218522628 3.8670341587124164 4.8942834551337491 6.3652011883284016
0.0 0.0 0.0 0.0 0.0 0.0
0.0 0.0 0.0 0.0 0.0 0.0
0.0 0.0 0.0 0.0 0.0 0.0
0.0 0.0 0.0 0.0 0.0 0.0
0.0 0.0 0.0 0.0 0.0 0.0
5.6685903970080336 5.8848928262197804 6.1114683147602289 3.7116296376641205 5.7521157276403478 5.8749922093374325
0.0 0.0 0.0 0.0 0.0 0.0
0.0 0.0 0.0 0.0 0.0 0.0
4.220819327872567 6.0919865944817548 5.9791788532245604 4.0481782974791694 6.1022444491848375 6.1923213104051316
0.0 0.0 0.0 0.0 0.0 0.0
0.0 0.0 0.0 0.0 0.0 0.0
0.0 0.0 0.0 0.0 0.0 0.0
0.0 0.0 0.0 0.0 0.0 0.0
0.0 0.0 0.0 0.0 0.0 0.0
5.0465564381029093 7.2608563493079235 6.3727539218370524 3.909870056265857 5.308454010270494 6.837242829528714
0.0 0.0 0.0 0.0 0.0 0.0
4.8295265727248937 6.8026375728416593 5.0868009829185361 4.4659235065973606 3.3986075585053435 4.5083049759333793
4.8090355367634583 5.8655460985454342 5.4864231285068588 3.8856289200758751 3.7664564643674083 4.599866940034981
5.1929628564489407 6.6319569066951694 4.9614095656495847 4.0496354247963637 3.4773753423829601 3.8388417665484829
4.9373507574317834 5.5243054436612979 3.213065069778831 2.2341372506565684 3.6983080341266037 2.6803636165923135
5.2945781459528494 6.8085916782211351 5.4966514654276031 4.6169889505212893 4.2916483208116203 4.6495715646680562
4.222711007411168 7.0563983790211733 4.9618320388017993 2.9784813224345603 5.3837517703793951 4.5136390368854951
5.2317438791820239 6.8931891516648731 5.2326454726399136 4.8825402742145254 4.7832819909685194 4.0063155579663405
4.7805303640979648 6.3009428996013996 4.7497814814142707 5.2911063656230573 4.5461163952012509 4.0093280066086718
4.6615301427052209 7.192522456568117 5.9025763525907378 3.9335711266150022 4.2045238158024434 4.640425185660833
5.417016166537798 6.2479211874640237 5.820859834415117 4.1378827738572763 4.2108417863348127 3.9517453892085479
0.0 0.0 0.0 0.0 0.0 0.0
0.0 0.0 0.0 0.0 0.0 0.0
0.0 0.0 0.0 0.0 0.0 0.0
0.0 0.0 0.0 0.0 0.0 0.0
0.0 0.0 0.0 0.0 0.0 0.0
0.0 0.0 0.0 0.0 0.0 0.0
0.0 0.0 0.0 0.0 0.0 0.0
5.3339842476562334 6.7542751537349979 5.1119289774669747 4.1766581636866515 4.5079531293446706 3.9182353808609212
4.9895230985216594 6.7206731505250605 5.5281908984136372 3.7176277512108316 3.4072940376052165 4.0370771123239884
0.0 0.0 0.0 0.0 0.0 0.0
0.0 0.0 0.0 0.0 0.0 0.0
0.0 0.0 0.0 0.0 0.0 0.0
0.0 0.0 0.0 0.0 0.0 0.0
0.0 0.0 0.0 0.0 0.0 0.0
0.0 0.0 0.0 0.0 0.0 0.0
0.0 0.0 0.0 0.0 0.0 0.0
5.3265150288392267 6.4234532896602303 5.7047906390320939 4.0067317160379634 4.1116837502765033 4.0045135355300765
6.4829098114645785 7.2289621433670437 5.7553210453790351 5.1470588277450089 0.0 0.0
